0	0	3	3
0	1	3	3
0	2	3	0
0	3	3	3
0	4	3	0
0	5	3	0
0	6	3	3
0	7	3	3
0	8	3	0
0	9	3	0
0	10	3	3
0	11	3	3
0	12	3	0
0	13	3	3
0	14	3	0
0	15	3	0
0	16	3	0
0	17	3	3
0	18	3	3
0	19	3	0
0	20	3	3
0	21	3	3
0	22	3	3
0	23	3	3
0	24	3	3
0	25	3	3
0	26	3	0
0	27	3	0
0	28	3	0
0	29	3	3
0	30	3	0
0	31	3	0
0	32	3	3
0	33	3	0
0	34	3	3
0	35	3	3
0	36	3	3
0	37	3	0
0	38	3	0
0	39	3	0
0	40	3	0
0	41	3	0
0	42	3	3
0	43	3	0
0	44	3	0
0	45	3	0
0	46	3	0
0	47	3	0
0	48	3	3
0	49	3	3
0	50	3	0
0	51	3	0
0	52	3	0
0	53	3	0
0	54	3	0
0	55	3	0
0	56	3	0
0	57	3	0
0	58	3	0
0	59	3	3
0	60	3	0
0	61	3	0
0	62	3	0
0	63	3	0
0	64	3	0
0	65	3	0
0	66	3	0
0	67	3	0
0	68	3	0
0	69	3	0
0	70	3	0
0	71	3	0
0	72	3	0
0	73	3	0
0	74	3	0
0	75	3	0
0	76	3	0
0	77	3	0
0	78	3	0
0	79	3	0
0	80	3	3
0	81	3	0
0	82	3	0
0	83	3	3
0	84	3	0
0	85	3	0
0	86	3	0
0	87	3	0
0	88	3	0
0	89	3	0
0	90	3	0
0	91	3	0
0	92	3	0
0	93	3	0
0	94	3	0
0	95	3	0
1	0	3	3
1	1	3	3
1	2	3	3
1	3	3	3
1	4	3	3
1	5	3	0
1	6	3	3
1	7	3	3
1	8	3	0
1	9	3	0
1	10	3	3
1	11	3	3
1	12	3	0
1	13	3	3
1	14	3	3
1	15	3	3
1	16	3	3
1	17	3	3
1	18	3	3
1	19	3	0
1	20	3	3
1	21	3	3
1	22	3	3
1	23	3	3
1	24	3	3
1	25	3	3
1	26	3	3
1	27	3	3
1	28	3	3
1	29	3	3
1	30	3	3
1	31	3	3
1	32	3	3
1	33	3	3
1	34	3	3
1	35	3	3
1	36	3	3
1	37	3	0
1	38	3	0
1	39	3	0
1	40	3	0
1	41	3	0
1	42	3	3
1	43	3	3
1	44	3	0
1	45	3	0
1	46	3	0
1	47	3	0
1	48	3	3
1	49	3	3
1	50	3	0
1	51	3	0
1	52	3	0
1	53	3	0
1	54	3	0
1	55	3	0
1	56	3	0
1	57	3	0
1	58	3	0
1	59	3	3
1	60	3	0
1	61	3	0
1	62	3	0
1	63	3	0
1	64	3	0
1	65	3	0
1	66	3	0
1	67	3	0
1	68	3	0
1	69	3	0
1	70	3	0
1	71	3	0
1	72	3	0
1	73	3	0
1	74	3	0
1	75	3	0
1	76	3	0
1	77	3	0
1	78	3	0
1	79	3	0
1	80	3	3
1	81	3	0
1	82	3	3
1	83	3	3
1	84	3	3
1	85	3	0
1	86	3	0
1	87	3	0
1	88	3	0
1	89	3	0
1	90	3	0
1	91	3	0
1	92	3	0
1	93	3	0
1	94	3	0
1	95	3	0
2	0	3	0
2	1	3	0
2	2	3	3
2	3	3	3
2	4	3	3
2	5	3	0
2	6	3	3
2	7	3	0
2	8	3	3
2	9	3	3
2	10	3	3
2	11	3	3
2	12	3	0
2	13	3	3
2	14	3	0
2	15	3	3
2	16	3	0
2	17	3	3
2	18	3	3
2	19	3	0
2	20	3	3
2	21	3	3
2	22	3	3
2	23	3	3
2	24	3	3
2	25	3	0
2	26	3	3
2	27	3	0
2	28	3	0
2	29	3	0
2	30	3	0
2	31	3	0
2	32	3	3
2	33	3	3
2	34	3	3
2	35	3	3
2	36	3	3
2	37	3	3
2	38	3	3
2	39	3	3
2	40	3	3
2	41	3	3
2	42	3	3
2	43	3	0
2	44	3	0
2	45	3	0
2	46	3	0
2	47	3	0
2	48	3	0
2	49	3	0
2	50	3	0
2	51	3	0
2	52	3	0
2	53	3	0
2	54	3	0
2	55	3	0
2	56	3	0
2	57	3	0
2	58	3	0
2	59	3	0
2	60	3	0
2	61	3	0
2	62	3	0
2	63	3	0
2	64	3	0
2	65	3	0
2	66	3	0
2	67	3	0
2	68	3	0
2	69	3	0
2	70	3	0
2	71	3	0
2	72	3	0
2	73	3	0
2	74	3	0
2	75	3	0
2	76	3	0
2	77	3	0
2	78	3	0
2	79	3	0
2	80	3	0
2	81	3	0
2	82	3	0
2	83	3	0
2	84	3	0
2	85	3	0
2	86	3	0
2	87	3	0
2	88	3	0
2	89	3	0
2	90	3	0
2	91	3	0
2	92	3	0
2	93	3	0
2	94	3	0
2	95	3	0
3	0	3	0
3	1	3	0
3	2	3	3
3	3	3	3
3	4	3	3
3	5	3	0
3	6	3	3
3	7	3	3
3	8	3	3
3	9	3	0
3	10	3	3
3	11	3	3
3	12	3	3
3	13	3	3
3	14	3	3
3	15	3	3
3	16	3	3
3	17	3	3
3	18	3	3
3	19	3	0
3	20	3	3
3	21	3	3
3	22	3	3
3	23	3	3
3	24	3	3
3	25	3	3
3	26	3	3
3	27	3	3
3	28	3	3
3	29	3	3
3	30	3	3
3	31	3	3
3	32	3	3
3	33	3	3
3	34	3	3
3	35	3	3
3	36	3	3
3	37	3	0
3	38	3	0
3	39	3	3
3	40	3	0
3	41	3	3
3	42	3	0
3	43	3	3
3	44	3	3
3	45	3	3
3	46	3	0
3	47	3	3
3	48	3	0
3	49	3	0
3	50	3	0
3	51	3	3
3	52	3	3
3	53	3	0
3	54	3	0
3	55	3	0
3	56	3	0
3	57	3	0
3	58	3	0
3	59	3	3
3	60	3	3
3	61	3	3
3	62	3	3
3	63	3	3
3	64	3	3
3	65	3	3
3	66	3	3
3	67	3	0
3	68	3	3
3	69	3	3
3	70	3	3
3	71	3	3
3	72	3	3
3	73	3	3
3	74	3	3
3	75	3	3
3	76	3	3
3	77	3	3
3	78	3	0
3	79	3	0
3	80	3	0
3	81	3	0
3	82	3	3
3	83	3	0
3	84	3	3
3	85	3	0
3	86	3	0
3	87	3	0
3	88	3	0
3	89	3	0
3	90	3	0
3	91	3	0
3	92	3	0
3	93	3	0
3	94	3	0
3	95	3	0
4	0	3	3
4	1	3	3
4	2	3	0
4	3	3	3
4	4	3	3
4	5	3	3
4	6	3	3
4	7	3	3
4	8	3	3
4	9	3	3
4	10	3	3
4	11	3	3
4	12	3	3
4	13	3	3
4	14	3	3
4	15	3	3
4	16	3	3
4	17	3	3
4	18	3	3
4	19	3	0
4	20	3	3
4	21	3	3
4	22	3	3
4	23	3	3
4	24	3	3
4	25	3	3
4	26	3	3
4	27	3	3
4	28	3	3
4	29	3	3
4	30	3	3
4	31	3	0
4	32	3	3
4	33	3	3
4	34	3	3
4	35	3	3
4	36	3	3
4	37	3	3
4	38	3	3
4	39	3	3
4	40	3	3
4	41	3	3
4	42	3	3
4	43	3	3
4	44	3	3
4	45	3	3
4	46	3	0
4	47	3	0
4	48	3	0
4	49	3	0
4	50	3	0
4	51	3	3
4	52	3	3
4	53	3	3
4	54	3	0
4	55	3	3
4	56	3	0
4	57	3	0
4	58	3	0
4	59	3	3
4	60	3	3
4	61	3	3
4	62	3	3
4	63	3	3
4	64	3	3
4	65	3	3
4	66	3	3
4	67	3	0
4	68	3	0
4	69	3	0
4	70	3	3
4	71	3	0
4	72	3	0
4	73	3	3
4	74	3	3
4	75	3	3
4	76	3	3
4	77	3	3
4	78	3	0
4	79	3	0
4	80	3	3
4	81	3	0
4	82	3	0
4	83	3	3
4	84	3	0
4	85	3	0
4	86	3	3
4	87	3	3
4	88	3	3
4	89	3	0
4	90	3	0
4	91	3	0
4	92	3	3
4	93	3	0
4	94	3	0
4	95	3	0
5	0	3	3
5	1	3	3
5	2	3	0
5	3	3	3
5	4	3	3
5	5	3	0
5	6	3	3
5	7	3	0
5	8	3	0
5	9	3	0
5	10	3	3
5	11	3	3
5	12	3	0
5	13	3	3
5	14	3	3
5	15	3	3
5	16	3	3
5	17	3	3
5	18	3	3
5	19	3	0
5	20	3	3
5	21	3	3
5	22	3	3
5	23	3	3
5	24	3	3
5	25	3	3
5	26	3	3
5	27	3	0
5	28	3	0
5	29	3	0
5	30	3	0
5	31	3	0
5	32	3	3
5	33	3	3
5	34	3	3
5	35	3	3
5	36	3	3
5	37	3	0
5	38	3	0
5	39	3	0
5	40	3	0
5	41	3	0
5	42	3	0
5	43	3	0
5	44	3	0
5	45	3	0
5	46	3	0
5	47	3	0
5	48	3	0
5	49	3	0
5	50	3	0
5	51	3	0
5	52	3	3
5	53	3	0
5	54	3	0
5	55	3	0
5	56	3	0
5	57	3	0
5	58	3	0
5	59	3	0
5	60	3	0
5	61	3	3
5	62	3	0
5	63	3	3
5	64	3	3
5	65	3	0
5	66	3	0
5	67	3	0
5	68	3	0
5	69	3	0
5	70	3	0
5	71	3	0
5	72	3	0
5	73	3	0
5	74	3	0
5	75	3	0
5	76	3	0
5	77	3	0
5	78	3	0
5	79	3	0
5	80	3	0
5	81	3	0
5	82	3	0
5	83	3	0
5	84	3	0
5	85	3	0
5	86	3	0
5	87	3	0
5	88	3	0
5	89	3	0
5	90	3	0
5	91	3	0
5	92	3	0
5	93	3	0
5	94	3	0
5	95	3	0
6	0	3	0
6	1	3	3
6	2	3	3
6	3	3	3
6	4	3	3
6	5	3	0
6	6	3	3
6	7	3	0
6	8	3	0
6	9	3	0
6	10	3	3
6	11	3	3
6	12	3	0
6	13	3	0
6	14	3	0
6	15	3	0
6	16	3	0
6	17	3	3
6	18	3	3
6	19	3	0
6	20	3	3
6	21	3	3
6	22	3	3
6	23	3	3
6	24	3	3
6	25	3	3
6	26	3	3
6	27	3	0
6	28	3	0
6	29	3	0
6	30	3	0
6	31	3	0
6	32	3	3
6	33	3	3
6	34	3	3
6	35	3	3
6	36	3	3
6	37	3	0
6	38	3	0
6	39	3	0
6	40	3	0
6	41	3	3
6	42	3	0
6	43	3	3
6	44	3	3
6	45	3	3
6	46	3	0
6	47	3	3
6	48	3	0
6	49	3	0
6	50	3	0
6	51	3	3
6	52	3	0
6	53	3	0
6	54	3	0
6	55	3	0
6	56	3	0
6	57	3	0
6	58	3	0
6	59	3	3
6	60	3	0
6	61	3	0
6	62	3	0
6	63	3	0
6	64	3	0
6	65	3	0
6	66	3	0
6	67	3	0
6	68	3	3
6	69	3	3
6	70	3	0
6	71	3	3
6	72	3	3
6	73	3	0
6	74	3	3
6	75	3	0
6	76	3	0
6	77	3	0
6	78	3	0
6	79	3	0
6	80	3	0
6	81	3	0
6	82	3	3
6	83	3	0
6	84	3	3
6	85	3	0
6	86	3	0
6	87	3	0
6	88	3	0
6	89	3	0
6	90	3	0
6	91	3	0
6	92	3	0
6	93	3	0
6	94	3	0
6	95	3	0
7	0	3	3
7	1	3	3
7	2	3	0
7	3	3	3
7	4	3	3
7	5	3	0
7	6	3	0
7	7	3	3
7	8	3	0
7	9	3	0
7	10	3	0
7	11	3	3
7	12	3	3
7	13	3	3
7	14	3	3
7	15	3	3
7	16	3	3
7	17	3	3
7	18	3	3
7	19	3	0
7	20	3	3
7	21	3	3
7	22	3	3
7	23	3	3
7	24	3	3
7	25	3	3
7	26	3	3
7	27	3	3
7	28	3	3
7	29	3	3
7	30	3	0
7	31	3	0
7	32	3	3
7	33	3	3
7	34	3	3
7	35	3	3
7	36	3	3
7	37	3	0
7	38	3	3
7	39	3	3
7	40	3	0
7	41	3	3
7	42	3	3
7	43	3	3
7	44	3	3
7	45	3	3
7	46	3	0
7	47	3	0
7	48	3	0
7	49	3	0
7	50	3	0
7	51	3	0
7	52	3	3
7	53	3	0
7	54	3	0
7	55	3	0
7	56	3	0
7	57	3	0
7	58	3	0
7	59	3	0
7	60	3	0
7	61	3	3
7	62	3	3
7	63	3	3
7	64	3	3
7	65	3	3
7	66	3	3
7	67	3	0
7	68	3	0
7	69	3	0
7	70	3	0
7	71	3	0
7	72	3	0
7	73	3	3
7	74	3	0
7	75	3	3
7	76	3	3
7	77	3	0
7	78	3	0
7	79	3	0
7	80	3	0
7	81	3	0
7	82	3	0
7	83	3	0
7	84	3	0
7	85	3	0
7	86	3	0
7	87	3	0
7	88	3	0
7	89	3	0
7	90	3	0
7	91	3	0
7	92	3	0
7	93	3	0
7	94	3	0
7	95	3	0
8	0	3	0
8	1	3	0
8	2	3	0
8	3	3	0
8	4	3	0
8	5	3	0
8	6	3	0
8	7	3	0
8	8	3	3
8	9	3	0
8	10	3	3
8	11	3	0
8	12	3	0
8	13	3	3
8	14	3	0
8	15	3	0
8	16	3	0
8	17	3	3
8	18	3	3
8	19	3	0
8	20	3	0
8	21	3	0
8	22	3	3
8	23	3	0
8	24	3	3
8	25	3	3
8	26	3	0
8	27	3	3
8	28	3	0
8	29	3	3
8	30	3	3
8	31	3	3
8	32	3	0
8	33	3	0
8	34	3	0
8	35	3	0
8	36	3	0
8	37	3	0
8	38	3	0
8	39	3	0
8	40	3	0
8	41	3	0
8	42	3	0
8	43	3	0
8	44	3	0
8	45	3	3
8	46	3	0
8	47	3	0
8	48	3	0
8	49	3	0
8	50	3	0
8	51	3	0
8	52	3	0
8	53	3	0
8	54	3	0
8	55	3	0
8	56	3	0
8	57	3	0
8	58	3	0
8	59	3	0
8	60	3	0
8	61	3	0
8	62	3	0
8	63	3	0
8	64	3	0
8	65	3	0
8	66	3	0
8	67	3	0
8	68	3	0
8	69	3	0
8	70	3	0
8	71	3	0
8	72	3	0
8	73	3	0
8	74	3	0
8	75	3	0
8	76	3	0
8	77	3	0
8	78	3	0
8	79	3	0
8	80	3	0
8	81	3	0
8	82	3	0
8	83	3	0
8	84	3	0
8	85	3	0
8	86	3	0
8	87	3	0
8	88	3	0
8	89	3	0
8	90	3	0
8	91	3	0
8	92	3	0
8	93	3	0
8	94	3	0
8	95	3	0
9	0	3	0
9	1	3	0
9	2	3	3
9	3	3	3
9	4	3	3
9	5	3	0
9	6	3	3
9	7	3	0
9	8	3	0
9	9	3	0
9	10	3	3
9	11	3	3
9	12	3	0
9	13	3	3
9	14	3	0
9	15	3	3
9	16	3	0
9	17	3	3
9	18	3	0
9	19	3	0
9	20	3	3
9	21	3	3
9	22	3	3
9	23	3	3
9	24	3	3
9	25	3	3
9	26	3	3
9	27	3	0
9	28	3	0
9	29	3	0
9	30	3	0
9	31	3	0
9	32	3	3
9	33	3	3
9	34	3	3
9	35	3	0
9	36	3	3
9	37	3	0
9	38	3	0
9	39	3	0
9	40	3	0
9	41	3	0
9	42	3	0
9	43	3	0
9	44	3	0
9	45	3	0
9	46	3	0
9	47	3	0
9	48	3	0
9	49	3	0
9	50	3	0
9	51	3	0
9	52	3	0
9	53	3	0
9	54	3	0
9	55	3	0
9	56	3	0
9	57	3	0
9	58	3	0
9	59	3	0
9	60	3	0
9	61	3	0
9	62	3	0
9	63	3	0
9	64	3	0
9	65	3	0
9	66	3	0
9	67	3	0
9	68	3	0
9	69	3	0
9	70	3	0
9	71	3	0
9	72	3	0
9	73	3	0
9	74	3	0
9	75	3	0
9	76	3	0
9	77	3	0
9	78	3	0
9	79	3	0
9	80	3	0
9	81	3	0
9	82	3	0
9	83	3	0
9	84	3	0
9	85	3	0
9	86	3	0
9	87	3	0
9	88	3	0
9	89	3	0
9	90	3	0
9	91	3	0
9	92	3	0
9	93	3	0
9	94	3	0
9	95	3	0
10	0	3	0
10	1	3	3
10	2	3	3
10	3	3	3
10	4	3	3
10	5	3	0
10	6	3	3
10	7	3	0
10	8	3	3
10	9	3	0
10	10	3	3
10	11	3	3
10	12	3	3
10	13	3	3
10	14	3	3
10	15	3	3
10	16	3	3
10	17	3	3
10	18	3	3
10	19	3	0
10	20	3	3
10	21	3	3
10	22	3	3
10	23	3	3
10	24	3	3
10	25	3	3
10	26	3	3
10	27	3	3
10	28	3	0
10	29	3	3
10	30	3	3
10	31	3	3
10	32	3	3
10	33	3	3
10	34	3	3
10	35	3	3
10	36	3	3
10	37	3	0
10	38	3	0
10	39	3	0
10	40	3	0
10	41	3	3
10	42	3	3
10	43	3	3
10	44	3	3
10	45	3	3
10	46	3	0
10	47	3	3
10	48	3	0
10	49	3	0
10	50	3	0
10	51	3	3
10	52	3	0
10	53	3	0
10	54	3	0
10	55	3	0
10	56	3	0
10	57	3	0
10	58	3	0
10	59	3	3
10	60	3	0
10	61	3	3
10	62	3	0
10	63	3	0
10	64	3	0
10	65	3	0
10	66	3	0
10	67	3	0
10	68	3	3
10	69	3	3
10	70	3	0
10	71	3	3
10	72	3	3
10	73	3	0
10	74	3	3
10	75	3	0
10	76	3	0
10	77	3	0
10	78	3	0
10	79	3	0
10	80	3	0
10	81	3	0
10	82	3	3
10	83	3	0
10	84	3	3
10	85	3	0
10	86	3	0
10	87	3	0
10	88	3	0
10	89	3	0
10	90	3	0
10	91	3	0
10	92	3	0
10	93	3	0
10	94	3	0
10	95	3	0
11	0	3	3
11	1	3	3
11	2	3	3
11	3	3	3
11	4	3	3
11	5	3	0
11	6	3	3
11	7	3	3
11	8	3	3
11	9	3	0
11	10	3	3
11	11	3	3
11	12	3	0
11	13	3	3
11	14	3	3
11	15	3	3
11	16	3	3
11	17	3	3
11	18	3	3
11	19	3	0
11	20	3	3
11	21	3	3
11	22	3	3
11	23	3	3
11	24	3	3
11	25	3	3
11	26	3	3
11	27	3	3
11	28	3	3
11	29	3	3
11	30	3	3
11	31	3	3
11	32	3	3
11	33	3	3
11	34	3	3
11	35	3	3
11	36	3	3
11	37	3	0
11	38	3	0
11	39	3	0
11	40	3	0
11	41	3	3
11	42	3	3
11	43	3	3
11	44	3	3
11	45	3	3
11	46	3	0
11	47	3	3
11	48	3	3
11	49	3	3
11	50	3	0
11	51	3	3
11	52	3	3
11	53	3	0
11	54	3	0
11	55	3	0
11	56	3	0
11	57	3	0
11	58	3	0
11	59	3	3
11	60	3	0
11	61	3	3
11	62	3	0
11	63	3	3
11	64	3	3
11	65	3	0
11	66	3	0
11	67	3	0
11	68	3	3
11	69	3	3
11	70	3	0
11	71	3	3
11	72	3	3
11	73	3	0
11	74	3	3
11	75	3	0
11	76	3	0
11	77	3	0
11	78	3	0
11	79	3	0
11	80	3	3
11	81	3	0
11	82	3	3
11	83	3	3
11	84	3	3
11	85	3	0
11	86	3	0
11	87	3	0
11	88	3	0
11	89	3	0
11	90	3	0
11	91	3	0
11	92	3	0
11	93	3	0
11	94	3	0
11	95	3	0
12	0	3	0
12	1	3	3
12	2	3	0
12	3	3	3
12	4	3	3
12	5	3	0
12	6	3	0
12	7	3	3
12	8	3	0
12	9	3	0
12	10	3	0
12	11	3	0
12	12	3	3
12	13	3	3
12	14	3	3
12	15	3	3
12	16	3	3
12	17	3	3
12	18	3	3
12	19	3	0
12	20	3	3
12	21	3	0
12	22	3	3
12	23	3	0
12	24	3	3
12	25	3	3
12	26	3	3
12	27	3	3
12	28	3	3
12	29	3	3
12	30	3	3
12	31	3	3
12	32	3	0
12	33	3	0
12	34	3	0
12	35	3	0
12	36	3	0
12	37	3	0
12	38	3	0
12	39	3	0
12	40	3	0
12	41	3	3
12	42	3	3
12	43	3	3
12	44	3	0
12	45	3	3
12	46	3	0
12	47	3	0
12	48	3	0
12	49	3	0
12	50	3	0
12	51	3	3
12	52	3	3
12	53	3	0
12	54	3	0
12	55	3	0
12	56	3	0
12	57	3	0
12	58	3	0
12	59	3	0
12	60	3	3
12	61	3	3
12	62	3	3
12	63	3	3
12	64	3	3
12	65	3	0
12	66	3	0
12	67	3	0
12	68	3	0
12	69	3	0
12	70	3	0
12	71	3	0
12	72	3	0
12	73	3	3
12	74	3	0
12	75	3	3
12	76	3	3
12	77	3	0
12	78	3	3
12	79	3	3
12	80	3	0
12	81	3	0
12	82	3	0
12	83	3	0
12	84	3	0
12	85	3	0
12	86	3	0
12	87	3	0
12	88	3	0
12	89	3	0
12	90	3	0
12	91	3	0
12	92	3	0
12	93	3	0
12	94	3	0
12	95	3	0
13	0	3	3
13	1	3	3
13	2	3	0
13	3	3	3
13	4	3	3
13	5	3	3
13	6	3	3
13	7	3	3
13	8	3	3
13	9	3	3
13	10	3	3
13	11	3	3
13	12	3	3
13	13	3	3
13	14	3	3
13	15	3	3
13	16	3	3
13	17	3	3
13	18	3	3
13	19	3	0
13	20	3	3
13	21	3	3
13	22	3	3
13	23	3	3
13	24	3	3
13	25	3	3
13	26	3	3
13	27	3	3
13	28	3	3
13	29	3	3
13	30	3	3
13	31	3	3
13	32	3	3
13	33	3	3
13	34	3	3
13	35	3	3
13	36	3	3
13	37	3	3
13	38	3	3
13	39	3	3
13	40	3	3
13	41	3	3
13	42	3	3
13	43	3	3
13	44	3	3
13	45	3	3
13	46	3	0
13	47	3	0
13	48	3	3
13	49	3	3
13	50	3	0
13	51	3	3
13	52	3	3
13	53	3	3
13	54	3	0
13	55	3	3
13	56	3	0
13	57	3	0
13	58	3	3
13	59	3	3
13	60	3	0
13	61	3	3
13	62	3	3
13	63	3	3
13	64	3	3
13	65	3	3
13	66	3	3
13	67	3	0
13	68	3	0
13	69	3	3
13	70	3	3
13	71	3	0
13	72	3	0
13	73	3	3
13	74	3	3
13	75	3	3
13	76	3	0
13	77	3	3
13	78	3	3
13	79	3	3
13	80	3	3
13	81	3	0
13	82	3	0
13	83	3	3
13	84	3	0
13	85	3	0
13	86	3	3
13	87	3	3
13	88	3	3
13	89	3	0
13	90	3	0
13	91	3	0
13	92	3	3
13	93	3	0
13	94	3	0
13	95	3	0
14	0	3	3
14	1	3	3
14	2	3	0
14	3	3	3
14	4	3	3
14	5	3	3
14	6	3	0
14	7	3	3
14	8	3	0
14	9	3	0
14	10	3	3
14	11	3	3
14	12	3	3
14	13	3	3
14	14	3	3
14	15	3	3
14	16	3	3
14	17	3	3
14	18	3	3
14	19	3	0
14	20	3	0
14	21	3	3
14	22	3	3
14	23	3	3
14	24	3	3
14	25	3	3
14	26	3	3
14	27	3	3
14	28	3	3
14	29	3	3
14	30	3	3
14	31	3	3
14	32	3	3
14	33	3	3
14	34	3	3
14	35	3	3
14	36	3	3
14	37	3	3
14	38	3	3
14	39	3	3
14	40	3	3
14	41	3	0
14	42	3	3
14	43	3	3
14	44	3	3
14	45	3	3
14	46	3	0
14	47	3	0
14	48	3	3
14	49	3	3
14	50	3	0
14	51	3	3
14	52	3	3
14	53	3	3
14	54	3	0
14	55	3	3
14	56	3	0
14	57	3	0
14	58	3	3
14	59	3	3
14	60	3	0
14	61	3	3
14	62	3	3
14	63	3	3
14	64	3	3
14	65	3	0
14	66	3	3
14	67	3	0
14	68	3	0
14	69	3	3
14	70	3	3
14	71	3	0
14	72	3	0
14	73	3	3
14	74	3	0
14	75	3	3
14	76	3	0
14	77	3	3
14	78	3	0
14	79	3	0
14	80	3	3
14	81	3	0
14	82	3	0
14	83	3	3
14	84	3	0
14	85	3	0
14	86	3	3
14	87	3	3
14	88	3	3
14	89	3	0
14	90	3	0
14	91	3	0
14	92	3	0
14	93	3	0
14	94	3	0
14	95	3	0
15	0	3	3
15	1	3	3
15	2	3	0
15	3	3	3
15	4	3	3
15	5	3	3
15	6	3	0
15	7	3	3
15	8	3	0
15	9	3	3
15	10	3	3
15	11	3	3
15	12	3	0
15	13	3	3
15	14	3	3
15	15	3	3
15	16	3	3
15	17	3	3
15	18	3	3
15	19	3	0
15	20	3	3
15	21	3	3
15	22	3	3
15	23	3	0
15	24	3	0
15	25	3	3
15	26	3	3
15	27	3	3
15	28	3	3
15	29	3	3
15	30	3	3
15	31	3	0
15	32	3	3
15	33	3	3
15	34	3	3
15	35	3	3
15	36	3	3
15	37	3	3
15	38	3	3
15	39	3	3
15	40	3	0
15	41	3	3
15	42	3	3
15	43	3	3
15	44	3	3
15	45	3	3
15	46	3	0
15	47	3	0
15	48	3	0
15	49	3	0
15	50	3	0
15	51	3	3
15	52	3	3
15	53	3	3
15	54	3	0
15	55	3	3
15	56	3	0
15	57	3	0
15	58	3	0
15	59	3	3
15	60	3	0
15	61	3	3
15	62	3	3
15	63	3	3
15	64	3	3
15	65	3	3
15	66	3	3
15	67	3	0
15	68	3	0
15	69	3	0
15	70	3	3
15	71	3	0
15	72	3	0
15	73	3	3
15	74	3	3
15	75	3	0
15	76	3	0
15	77	3	3
15	78	3	0
15	79	3	0
15	80	3	3
15	81	3	0
15	82	3	0
15	83	3	3
15	84	3	0
15	85	3	0
15	86	3	3
15	87	3	3
15	88	3	0
15	89	3	0
15	90	3	0
15	91	3	0
15	92	3	0
15	93	3	0
15	94	3	0
15	95	3	0
16	0	3	0
16	1	3	0
16	2	3	0
16	3	3	3
16	4	3	3
16	5	3	3
16	6	3	3
16	7	3	3
16	8	3	0
16	9	3	3
16	10	3	3
16	11	3	3
16	12	3	3
16	13	3	3
16	14	3	3
16	15	3	3
16	16	3	3
16	17	3	3
16	18	3	3
16	19	3	0
16	20	3	3
16	21	3	3
16	22	3	3
16	23	3	0
16	24	3	3
16	25	3	3
16	26	3	3
16	27	3	3
16	28	3	3
16	29	3	3
16	30	3	3
16	31	3	0
16	32	3	3
16	33	3	3
16	34	3	3
16	35	3	3
16	36	3	3
16	37	3	3
16	38	3	3
16	39	3	3
16	40	3	3
16	41	3	3
16	42	3	3
16	43	3	3
16	44	3	3
16	45	3	3
16	46	3	0
16	47	3	0
16	48	3	0
16	49	3	0
16	50	3	0
16	51	3	3
16	52	3	3
16	53	3	3
16	54	3	0
16	55	3	3
16	56	3	0
16	57	3	0
16	58	3	0
16	59	3	3
16	60	3	0
16	61	3	3
16	62	3	3
16	63	3	3
16	64	3	3
16	65	3	3
16	66	3	3
16	67	3	0
16	68	3	0
16	69	3	0
16	70	3	3
16	71	3	0
16	72	3	0
16	73	3	3
16	74	3	3
16	75	3	0
16	76	3	0
16	77	3	3
16	78	3	0
16	79	3	0
16	80	3	3
16	81	3	0
16	82	3	0
16	83	3	3
16	84	3	0
16	85	3	0
16	86	3	3
16	87	3	3
16	88	3	3
16	89	3	0
16	90	3	0
16	91	3	0
16	92	3	3
16	93	3	0
16	94	3	0
16	95	3	0
17	0	3	3
17	1	3	3
17	2	3	3
17	3	3	3
17	4	3	3
17	5	3	3
17	6	3	3
17	7	3	3
17	8	3	3
17	9	3	0
17	10	3	3
17	11	3	3
17	12	3	0
17	13	3	3
17	14	3	3
17	15	3	3
17	16	3	3
17	17	3	3
17	18	3	3
17	19	3	0
17	20	3	3
17	21	3	3
17	22	3	3
17	23	3	3
17	24	3	3
17	25	3	3
17	26	3	3
17	27	3	3
17	28	3	3
17	29	3	3
17	30	3	3
17	31	3	3
17	32	3	3
17	33	3	3
17	34	3	3
17	35	3	3
17	36	3	3
17	37	3	0
17	38	3	3
17	39	3	3
17	40	3	3
17	41	3	3
17	42	3	3
17	43	3	3
17	44	3	3
17	45	3	3
17	46	3	0
17	47	3	3
17	48	3	0
17	49	3	0
17	50	3	0
17	51	3	3
17	52	3	3
17	53	3	0
17	54	3	0
17	55	3	3
17	56	3	0
17	57	3	0
17	58	3	0
17	59	3	3
17	60	3	0
17	61	3	3
17	62	3	3
17	63	3	3
17	64	3	3
17	65	3	3
17	66	3	3
17	67	3	0
17	68	3	3
17	69	3	3
17	70	3	3
17	71	3	3
17	72	3	3
17	73	3	3
17	74	3	3
17	75	3	3
17	76	3	3
17	77	3	3
17	78	3	0
17	79	3	0
17	80	3	0
17	81	3	0
17	82	3	3
17	83	3	0
17	84	3	3
17	85	3	0
17	86	3	0
17	87	3	0
17	88	3	0
17	89	3	0
17	90	3	0
17	91	3	0
17	92	3	0
17	93	3	0
17	94	3	0
17	95	3	0
18	0	3	3
18	1	3	3
18	2	3	3
18	3	3	3
18	4	3	3
18	5	3	3
18	6	3	3
18	7	3	3
18	8	3	3
18	9	3	0
18	10	3	3
18	11	3	3
18	12	3	3
18	13	3	3
18	14	3	3
18	15	3	3
18	16	3	3
18	17	3	3
18	18	3	3
18	19	3	3
18	20	3	3
18	21	3	3
18	22	3	3
18	23	3	3
18	24	3	3
18	25	3	3
18	26	3	3
18	27	3	3
18	28	3	3
18	29	3	3
18	30	3	3
18	31	3	0
18	32	3	3
18	33	3	3
18	34	3	3
18	35	3	3
18	36	3	3
18	37	3	0
18	38	3	3
18	39	3	3
18	40	3	3
18	41	3	3
18	42	3	3
18	43	3	3
18	44	3	3
18	45	3	3
18	46	3	0
18	47	3	3
18	48	3	0
18	49	3	0
18	50	3	0
18	51	3	3
18	52	3	3
18	53	3	0
18	54	3	0
18	55	3	3
18	56	3	0
18	57	3	0
18	58	3	0
18	59	3	3
18	60	3	0
18	61	3	3
18	62	3	3
18	63	3	3
18	64	3	3
18	65	3	3
18	66	3	3
18	67	3	0
18	68	3	3
18	69	3	3
18	70	3	3
18	71	3	3
18	72	3	3
18	73	3	3
18	74	3	3
18	75	3	3
18	76	3	3
18	77	3	3
18	78	3	0
18	79	3	0
18	80	3	0
18	81	3	0
18	82	3	3
18	83	3	0
18	84	3	3
18	85	3	0
18	86	3	0
18	87	3	0
18	88	3	0
18	89	3	0
18	90	3	0
18	91	3	0
18	92	3	0
18	93	3	0
18	94	3	0
18	95	3	0
19	0	3	0
19	1	3	0
19	2	3	0
19	3	3	3
19	4	3	3
19	5	3	0
19	6	3	3
19	7	3	0
19	8	3	0
19	9	3	0
19	10	3	0
19	11	3	0
19	12	3	0
19	13	3	0
19	14	3	0
19	15	3	0
19	16	3	0
19	17	3	3
19	18	3	3
19	19	3	0
19	20	3	3
19	21	3	3
19	22	3	3
19	23	3	3
19	24	3	3
19	25	3	3
19	26	3	3
19	27	3	3
19	28	3	3
19	29	3	0
19	30	3	0
19	31	3	0
19	32	3	0
19	33	3	0
19	34	3	0
19	35	3	0
19	36	3	0
19	37	3	0
19	38	3	0
19	39	3	0
19	40	3	0
19	41	3	0
19	42	3	0
19	43	3	0
19	44	3	0
19	45	3	0
19	46	3	0
19	47	3	0
19	48	3	0
19	49	3	0
19	50	3	0
19	51	3	0
19	52	3	0
19	53	3	0
19	54	3	0
19	55	3	0
19	56	3	0
19	57	3	0
19	58	3	0
19	59	3	0
19	60	3	0
19	61	3	0
19	62	3	0
19	63	3	0
19	64	3	0
19	65	3	0
19	66	3	0
19	67	3	0
19	68	3	0
19	69	3	0
19	70	3	0
19	71	3	0
19	72	3	0
19	73	3	3
19	74	3	0
19	75	3	3
19	76	3	3
19	77	3	0
19	78	3	0
19	79	3	0
19	80	3	0
19	81	3	0
19	82	3	0
19	83	3	0
19	84	3	0
19	85	3	0
19	86	3	0
19	87	3	0
19	88	3	0
19	89	3	0
19	90	3	0
19	91	3	0
19	92	3	0
19	93	3	0
19	94	3	0
19	95	3	0
20	0	3	0
20	1	3	0
20	2	3	3
20	3	3	3
20	4	3	3
20	5	3	0
20	6	3	3
20	7	3	3
20	8	3	3
20	9	3	0
20	10	3	3
20	11	3	3
20	12	3	3
20	13	3	3
20	14	3	0
20	15	3	3
20	16	3	3
20	17	3	3
20	18	3	3
20	19	3	0
20	20	3	3
20	21	3	3
20	22	3	3
20	23	3	3
20	24	3	3
20	25	3	3
20	26	3	3
20	27	3	3
20	28	3	3
20	29	3	3
20	30	3	3
20	31	3	3
20	32	3	3
20	33	3	3
20	34	3	3
20	35	3	3
20	36	3	3
20	37	3	0
20	38	3	0
20	39	3	3
20	40	3	0
20	41	3	3
20	42	3	0
20	43	3	3
20	44	3	3
20	45	3	3
20	46	3	0
20	47	3	3
20	48	3	0
20	49	3	0
20	50	3	0
20	51	3	3
20	52	3	0
20	53	3	0
20	54	3	0
20	55	3	0
20	56	3	0
20	57	3	0
20	58	3	0
20	59	3	3
20	60	3	3
20	61	3	3
20	62	3	0
20	63	3	0
20	64	3	0
20	65	3	3
20	66	3	3
20	67	3	0
20	68	3	3
20	69	3	3
20	70	3	0
20	71	3	3
20	72	3	3
20	73	3	3
20	74	3	3
20	75	3	3
20	76	3	3
20	77	3	3
20	78	3	0
20	79	3	0
20	80	3	0
20	81	3	0
20	82	3	3
20	83	3	0
20	84	3	3
20	85	3	0
20	86	3	0
20	87	3	0
20	88	3	0
20	89	3	0
20	90	3	0
20	91	3	0
20	92	3	0
20	93	3	0
20	94	3	0
20	95	3	0
21	0	3	3
21	1	3	3
21	2	3	3
21	3	3	3
21	4	3	3
21	5	3	0
21	6	3	3
21	7	3	0
21	8	3	3
21	9	3	0
21	10	3	3
21	11	3	3
21	12	3	3
21	13	3	3
21	14	3	3
21	15	3	3
21	16	3	3
21	17	3	3
21	18	3	3
21	19	3	3
21	20	3	3
21	21	3	3
21	22	3	3
21	23	3	3
21	24	3	3
21	25	3	3
21	26	3	3
21	27	3	3
21	28	3	0
21	29	3	3
21	30	3	3
21	31	3	3
21	32	3	3
21	33	3	3
21	34	3	3
21	35	3	3
21	36	3	3
21	37	3	0
21	38	3	0
21	39	3	0
21	40	3	0
21	41	3	3
21	42	3	3
21	43	3	3
21	44	3	3
21	45	3	3
21	46	3	0
21	47	3	3
21	48	3	0
21	49	3	0
21	50	3	0
21	51	3	3
21	52	3	0
21	53	3	0
21	54	3	0
21	55	3	0
21	56	3	0
21	57	3	0
21	58	3	0
21	59	3	3
21	60	3	0
21	61	3	3
21	62	3	0
21	63	3	0
21	64	3	0
21	65	3	3
21	66	3	3
21	67	3	0
21	68	3	3
21	69	3	3
21	70	3	0
21	71	3	3
21	72	3	3
21	73	3	3
21	74	3	3
21	75	3	3
21	76	3	3
21	77	3	0
21	78	3	0
21	79	3	0
21	80	3	3
21	81	3	0
21	82	3	3
21	83	3	3
21	84	3	3
21	85	3	0
21	86	3	0
21	87	3	0
21	88	3	0
21	89	3	0
21	90	3	0
21	91	3	0
21	92	3	0
21	93	3	0
21	94	3	0
21	95	3	0
22	0	3	3
22	1	3	3
22	2	3	3
22	3	3	3
22	4	3	3
22	5	3	0
22	6	3	3
22	7	3	3
22	8	3	0
22	9	3	0
22	10	3	3
22	11	3	3
22	12	3	0
22	13	3	3
22	14	3	3
22	15	3	3
22	16	3	3
22	17	3	3
22	18	3	3
22	19	3	0
22	20	3	3
22	21	3	3
22	22	3	3
22	23	3	3
22	24	3	3
22	25	3	3
22	26	3	3
22	27	3	3
22	28	3	3
22	29	3	3
22	30	3	0
22	31	3	0
22	32	3	3
22	33	3	3
22	34	3	3
22	35	3	3
22	36	3	3
22	37	3	0
22	38	3	3
22	39	3	3
22	40	3	3
22	41	3	3
22	42	3	3
22	43	3	3
22	44	3	3
22	45	3	3
22	46	3	0
22	47	3	3
22	48	3	0
22	49	3	0
22	50	3	0
22	51	3	3
22	52	3	3
22	53	3	0
22	54	3	0
22	55	3	0
22	56	3	0
22	57	3	0
22	58	3	0
22	59	3	0
22	60	3	0
22	61	3	3
22	62	3	3
22	63	3	3
22	64	3	3
22	65	3	3
22	66	3	3
22	67	3	0
22	68	3	0
22	69	3	0
22	70	3	0
22	71	3	0
22	72	3	0
22	73	3	3
22	74	3	0
22	75	3	3
22	76	3	3
22	77	3	0
22	78	3	0
22	79	3	0
22	80	3	0
22	81	3	0
22	82	3	0
22	83	3	0
22	84	3	0
22	85	3	0
22	86	3	0
22	87	3	0
22	88	3	0
22	89	3	0
22	90	3	0
22	91	3	0
22	92	3	0
22	93	3	0
22	94	3	0
22	95	3	0
23	0	3	3
23	1	3	3
23	2	3	3
23	3	3	3
23	4	3	3
23	5	3	0
23	6	3	3
23	7	3	0
23	8	3	3
23	9	3	0
23	10	3	3
23	11	3	3
23	12	3	3
23	13	3	3
23	14	3	3
23	15	3	3
23	16	3	0
23	17	3	3
23	18	3	3
23	19	3	0
23	20	3	3
23	21	3	3
23	22	3	3
23	23	3	3
23	24	3	3
23	25	3	3
23	26	3	3
23	27	3	3
23	28	3	0
23	29	3	3
23	30	3	0
23	31	3	0
23	32	3	3
23	33	3	3
23	34	3	3
23	35	3	3
23	36	3	3
23	37	3	0
23	38	3	0
23	39	3	0
23	40	3	0
23	41	3	3
23	42	3	3
23	43	3	3
23	44	3	3
23	45	3	3
23	46	3	0
23	47	3	3
23	48	3	0
23	49	3	0
23	50	3	0
23	51	3	3
23	52	3	0
23	53	3	0
23	54	3	0
23	55	3	0
23	56	3	0
23	57	3	0
23	58	3	0
23	59	3	3
23	60	3	0
23	61	3	0
23	62	3	0
23	63	3	0
23	64	3	0
23	65	3	3
23	66	3	3
23	67	3	0
23	68	3	3
23	69	3	3
23	70	3	0
23	71	3	3
23	72	3	3
23	73	3	3
23	74	3	3
23	75	3	3
23	76	3	3
23	77	3	0
23	78	3	0
23	79	3	0
23	80	3	0
23	81	3	0
23	82	3	3
23	83	3	0
23	84	3	3
23	85	3	0
23	86	3	0
23	87	3	0
23	88	3	0
23	89	3	0
23	90	3	0
23	91	3	0
23	92	3	0
23	93	3	0
23	94	3	0
23	95	3	0
24	0	3	3
24	1	3	3
24	2	3	3
24	3	3	3
24	4	3	3
24	5	3	0
24	6	3	3
24	7	3	3
24	8	3	3
24	9	3	0
24	10	3	3
24	11	3	3
24	12	3	3
24	13	3	3
24	14	3	3
24	15	3	3
24	16	3	0
24	17	3	3
24	18	3	3
24	19	3	0
24	20	3	3
24	21	3	3
24	22	3	3
24	23	3	3
24	24	3	3
24	25	3	3
24	26	3	3
24	27	3	3
24	28	3	3
24	29	3	3
24	30	3	0
24	31	3	0
24	32	3	3
24	33	3	3
24	34	3	3
24	35	3	3
24	36	3	3
24	37	3	0
24	38	3	0
24	39	3	3
24	40	3	0
24	41	3	3
24	42	3	3
24	43	3	3
24	44	3	3
24	45	3	3
24	46	3	0
24	47	3	3
24	48	3	0
24	49	3	0
24	50	3	0
24	51	3	3
24	52	3	0
24	53	3	0
24	54	3	0
24	55	3	0
24	56	3	0
24	57	3	0
24	58	3	0
24	59	3	3
24	60	3	0
24	61	3	0
24	62	3	0
24	63	3	0
24	64	3	0
24	65	3	3
24	66	3	3
24	67	3	0
24	68	3	3
24	69	3	3
24	70	3	0
24	71	3	3
24	72	3	3
24	73	3	3
24	74	3	3
24	75	3	3
24	76	3	3
24	77	3	0
24	78	3	0
24	79	3	0
24	80	3	0
24	81	3	0
24	82	3	3
24	83	3	0
24	84	3	3
24	85	3	0
24	86	3	0
24	87	3	0
24	88	3	0
24	89	3	0
24	90	3	0
24	91	3	0
24	92	3	0
24	93	3	0
24	94	3	0
24	95	3	0
25	0	3	3
25	1	3	3
25	2	3	3
25	3	3	3
25	4	3	3
25	5	3	0
25	6	3	3
25	7	3	3
25	8	3	3
25	9	3	0
25	10	3	3
25	11	3	3
25	12	3	3
25	13	3	3
25	14	3	3
25	15	3	3
25	16	3	3
25	17	3	3
25	18	3	3
25	19	3	0
25	20	3	3
25	21	3	3
25	22	3	3
25	23	3	3
25	24	3	3
25	25	3	3
25	26	3	3
25	27	3	3
25	28	3	3
25	29	3	3
25	30	3	3
25	31	3	3
25	32	3	3
25	33	3	3
25	34	3	3
25	35	3	3
25	36	3	3
25	37	3	0
25	38	3	3
25	39	3	3
25	40	3	3
25	41	3	3
25	42	3	3
25	43	3	3
25	44	3	3
25	45	3	3
25	46	3	0
25	47	3	3
25	48	3	0
25	49	3	0
25	50	3	0
25	51	3	3
25	52	3	3
25	53	3	0
25	54	3	0
25	55	3	3
25	56	3	0
25	57	3	0
25	58	3	0
25	59	3	3
25	60	3	3
25	61	3	3
25	62	3	3
25	63	3	3
25	64	3	3
25	65	3	3
25	66	3	3
25	67	3	0
25	68	3	3
25	69	3	3
25	70	3	3
25	71	3	3
25	72	3	3
25	73	3	3
25	74	3	3
25	75	3	3
25	76	3	3
25	77	3	3
25	78	3	0
25	79	3	0
25	80	3	0
25	81	3	0
25	82	3	3
25	83	3	0
25	84	3	3
25	85	3	0
25	86	3	0
25	87	3	0
25	88	3	0
25	89	3	0
25	90	3	0
25	91	3	0
25	92	3	0
25	93	3	0
25	94	3	0
25	95	3	0
26	0	3	3
26	1	3	3
26	2	3	3
26	3	3	3
26	4	3	3
26	5	3	0
26	6	3	3
26	7	3	3
26	8	3	3
26	9	3	3
26	10	3	3
26	11	3	3
26	12	3	3
26	13	3	3
26	14	3	3
26	15	3	3
26	16	3	3
26	17	3	3
26	18	3	3
26	19	3	0
26	20	3	3
26	21	3	3
26	22	3	3
26	23	3	3
26	24	3	3
26	25	3	3
26	26	3	3
26	27	3	3
26	28	3	3
26	29	3	3
26	30	3	0
26	31	3	3
26	32	3	3
26	33	3	3
26	34	3	3
26	35	3	3
26	36	3	3
26	37	3	3
26	38	3	3
26	39	3	3
26	40	3	3
26	41	3	3
26	42	3	3
26	43	3	3
26	44	3	3
26	45	3	3
26	46	3	0
26	47	3	0
26	48	3	0
26	49	3	0
26	50	3	0
26	51	3	0
26	52	3	3
26	53	3	0
26	54	3	0
26	55	3	0
26	56	3	0
26	57	3	0
26	58	3	0
26	59	3	3
26	60	3	3
26	61	3	3
26	62	3	3
26	63	3	3
26	64	3	3
26	65	3	0
26	66	3	0
26	67	3	0
26	68	3	3
26	69	3	3
26	70	3	0
26	71	3	3
26	72	3	3
26	73	3	3
26	74	3	3
26	75	3	3
26	76	3	3
26	77	3	3
26	78	3	0
26	79	3	0
26	80	3	0
26	81	3	0
26	82	3	3
26	83	3	0
26	84	3	3
26	85	3	0
26	86	3	0
26	87	3	0
26	88	3	0
26	89	3	0
26	90	3	0
26	91	3	0
26	92	3	0
26	93	3	0
26	94	3	0
26	95	3	0
27	0	3	0
27	1	3	3
27	2	3	0
27	3	3	3
27	4	3	3
27	5	3	0
27	6	3	0
27	7	3	3
27	8	3	3
27	9	3	0
27	10	3	0
27	11	3	3
27	12	3	3
27	13	3	3
27	14	3	3
27	15	3	3
27	16	3	3
27	17	3	3
27	18	3	3
27	19	3	0
27	20	3	3
27	21	3	3
27	22	3	3
27	23	3	3
27	24	3	3
27	25	3	3
27	26	3	3
27	27	3	3
27	28	3	3
27	29	3	3
27	30	3	3
27	31	3	3
27	32	3	3
27	33	3	3
27	34	3	3
27	35	3	3
27	36	3	3
27	37	3	0
27	38	3	3
27	39	3	3
27	40	3	0
27	41	3	3
27	42	3	3
27	43	3	3
27	44	3	3
27	45	3	3
27	46	3	0
27	47	3	3
27	48	3	0
27	49	3	0
27	50	3	0
27	51	3	3
27	52	3	3
27	53	3	0
27	54	3	0
27	55	3	3
27	56	3	0
27	57	3	0
27	58	3	0
27	59	3	0
27	60	3	3
27	61	3	3
27	62	3	3
27	63	3	0
27	64	3	0
27	65	3	3
27	66	3	3
27	67	3	0
27	68	3	0
27	69	3	0
27	70	3	3
27	71	3	0
27	72	3	3
27	73	3	3
27	74	3	0
27	75	3	3
27	76	3	3
27	77	3	3
27	78	3	0
27	79	3	0
27	80	3	0
27	81	3	0
27	82	3	0
27	83	3	0
27	84	3	0
27	85	3	0
27	86	3	0
27	87	3	0
27	88	3	0
27	89	3	0
27	90	3	0
27	91	3	0
27	92	3	0
27	93	3	0
27	94	3	0
27	95	3	0
28	0	3	0
28	1	3	0
28	2	3	0
28	3	3	3
28	4	3	3
28	5	3	0
28	6	3	0
28	7	3	3
28	8	3	0
28	9	3	0
28	10	3	0
28	11	3	0
28	12	3	3
28	13	3	3
28	14	3	3
28	15	3	3
28	16	3	3
28	17	3	3
28	18	3	3
28	19	3	0
28	20	3	3
28	21	3	0
28	22	3	3
28	23	3	0
28	24	3	3
28	25	3	3
28	26	3	3
28	27	3	3
28	28	3	3
28	29	3	3
28	30	3	3
28	31	3	3
28	32	3	0
28	33	3	0
28	34	3	0
28	35	3	0
28	36	3	0
28	37	3	0
28	38	3	3
28	39	3	3
28	40	3	0
28	41	3	0
28	42	3	3
28	43	3	3
28	44	3	3
28	45	3	3
28	46	3	0
28	47	3	0
28	48	3	0
28	49	3	0
28	50	3	0
28	51	3	3
28	52	3	3
28	53	3	0
28	54	3	0
28	55	3	3
28	56	3	0
28	57	3	0
28	58	3	0
28	59	3	0
28	60	3	3
28	61	3	0
28	62	3	0
28	63	3	0
28	64	3	0
28	65	3	3
28	66	3	3
28	67	3	0
28	68	3	0
28	69	3	0
28	70	3	3
28	71	3	0
28	72	3	3
28	73	3	3
28	74	3	0
28	75	3	3
28	76	3	3
28	77	3	3
28	78	3	0
28	79	3	0
28	80	3	0
28	81	3	0
28	82	3	0
28	83	3	0
28	84	3	0
28	85	3	0
28	86	3	0
28	87	3	0
28	88	3	0
28	89	3	0
28	90	3	0
28	91	3	0
28	92	3	0
28	93	3	0
28	94	3	0
28	95	3	0
29	0	3	3
29	1	3	3
29	2	3	0
29	3	3	3
29	4	3	3
29	5	3	0
29	6	3	0
29	7	3	3
29	8	3	3
29	9	3	0
29	10	3	3
29	11	3	3
29	12	3	3
29	13	3	3
29	14	3	3
29	15	3	3
29	16	3	3
29	17	3	3
29	18	3	3
29	19	3	0
29	20	3	3
29	21	3	3
29	22	3	3
29	23	3	3
29	24	3	3
29	25	3	3
29	26	3	3
29	27	3	3
29	28	3	3
29	29	3	3
29	30	3	3
29	31	3	3
29	32	3	3
29	33	3	3
29	34	3	3
29	35	3	3
29	36	3	3
29	37	3	0
29	38	3	3
29	39	3	3
29	40	3	0
29	41	3	3
29	42	3	3
29	43	3	3
29	44	3	3
29	45	3	3
29	46	3	0
29	47	3	3
29	48	3	0
29	49	3	0
29	50	3	0
29	51	3	0
29	52	3	3
29	53	3	0
29	54	3	0
29	55	3	0
29	56	3	0
29	57	3	0
29	58	3	0
29	59	3	0
29	60	3	0
29	61	3	3
29	62	3	3
29	63	3	3
29	64	3	3
29	65	3	3
29	66	3	3
29	67	3	0
29	68	3	0
29	69	3	0
29	70	3	0
29	71	3	0
29	72	3	0
29	73	3	3
29	74	3	0
29	75	3	3
29	76	3	3
29	77	3	3
29	78	3	0
29	79	3	0
29	80	3	0
29	81	3	0
29	82	3	0
29	83	3	0
29	84	3	0
29	85	3	0
29	86	3	0
29	87	3	0
29	88	3	0
29	89	3	0
29	90	3	0
29	91	3	0
29	92	3	0
29	93	3	0
29	94	3	0
29	95	3	0
30	0	3	0
30	1	3	3
30	2	3	0
30	3	3	0
30	4	3	3
30	5	3	0
30	6	3	0
30	7	3	3
30	8	3	3
30	9	3	0
30	10	3	0
30	11	3	0
30	12	3	3
30	13	3	3
30	14	3	3
30	15	3	3
30	16	3	3
30	17	3	3
30	18	3	3
30	19	3	0
30	20	3	0
30	21	3	0
30	22	3	3
30	23	3	0
30	24	3	3
30	25	3	3
30	26	3	3
30	27	3	3
30	28	3	3
30	29	3	3
30	30	3	3
30	31	3	3
30	32	3	0
30	33	3	0
30	34	3	0
30	35	3	0
30	36	3	0
30	37	3	0
30	38	3	0
30	39	3	0
30	40	3	0
30	41	3	0
30	42	3	0
30	43	3	3
30	44	3	0
30	45	3	0
30	46	3	0
30	47	3	0
30	48	3	0
30	49	3	0
30	50	3	0
30	51	3	0
30	52	3	0
30	53	3	0
30	54	3	0
30	55	3	0
30	56	3	0
30	57	3	0
30	58	3	0
30	59	3	0
30	60	3	3
30	61	3	3
30	62	3	0
30	63	3	0
30	64	3	0
30	65	3	0
30	66	3	0
30	67	3	0
30	68	3	0
30	69	3	0
30	70	3	0
30	71	3	0
30	72	3	0
30	73	3	0
30	74	3	0
30	75	3	0
30	76	3	0
30	77	3	0
30	78	3	3
30	79	3	3
30	80	3	0
30	81	3	0
30	82	3	0
30	83	3	0
30	84	3	0
30	85	3	0
30	86	3	0
30	87	3	0
30	88	3	0
30	89	3	0
30	90	3	0
30	91	3	0
30	92	3	0
30	93	3	0
30	94	3	0
30	95	3	0
31	0	3	3
31	1	3	3
31	2	3	0
31	3	3	3
31	4	3	3
31	5	3	0
31	6	3	0
31	7	3	3
31	8	3	3
31	9	3	0
31	10	3	3
31	11	3	3
31	12	3	3
31	13	3	3
31	14	3	3
31	15	3	3
31	16	3	3
31	17	3	3
31	18	3	3
31	19	3	0
31	20	3	0
31	21	3	3
31	22	3	3
31	23	3	3
31	24	3	3
31	25	3	3
31	26	3	3
31	27	3	3
31	28	3	3
31	29	3	3
31	30	3	3
31	31	3	3
31	32	3	3
31	33	3	3
31	34	3	3
31	35	3	3
31	36	3	3
31	37	3	0
31	38	3	0
31	39	3	0
31	40	3	0
31	41	3	0
31	42	3	3
31	43	3	3
31	44	3	3
31	45	3	3
31	46	3	0
31	47	3	0
31	48	3	3
31	49	3	3
31	50	3	0
31	51	3	0
31	52	3	0
31	53	3	0
31	54	3	0
31	55	3	0
31	56	3	0
31	57	3	0
31	58	3	0
31	59	3	3
31	60	3	0
31	61	3	3
31	62	3	0
31	63	3	0
31	64	3	0
31	65	3	0
31	66	3	0
31	67	3	0
31	68	3	0
31	69	3	0
31	70	3	0
31	71	3	0
31	72	3	0
31	73	3	0
31	74	3	0
31	75	3	0
31	76	3	0
31	77	3	0
31	78	3	3
31	79	3	3
31	80	3	0
31	81	3	0
31	82	3	0
31	83	3	3
31	84	3	0
31	85	3	0
31	86	3	0
31	87	3	0
31	88	3	0
31	89	3	0
31	90	3	0
31	91	3	0
31	92	3	0
31	93	3	0
31	94	3	0
31	95	3	0
32	0	3	3
32	1	3	3
32	2	3	3
32	3	3	3
32	4	3	3
32	5	3	3
32	6	3	3
32	7	3	3
32	8	3	0
32	9	3	3
32	10	3	3
32	11	3	3
32	12	3	0
32	13	3	3
32	14	3	3
32	15	3	3
32	16	3	3
32	17	3	3
32	18	3	3
32	19	3	0
32	20	3	3
32	21	3	3
32	22	3	3
32	23	3	3
32	24	3	3
32	25	3	3
32	26	3	3
32	27	3	3
32	28	3	3
32	29	3	3
32	30	3	0
32	31	3	3
32	32	3	3
32	33	3	3
32	34	3	3
32	35	3	3
32	36	3	3
32	37	3	3
32	38	3	3
32	39	3	3
32	40	3	3
32	41	3	3
32	42	3	3
32	43	3	3
32	44	3	3
32	45	3	3
32	46	3	0
32	47	3	0
32	48	3	3
32	49	3	3
32	50	3	0
32	51	3	0
32	52	3	3
32	53	3	0
32	54	3	0
32	55	3	0
32	56	3	0
32	57	3	0
32	58	3	0
32	59	3	3
32	60	3	0
32	61	3	3
32	62	3	3
32	63	3	3
32	64	3	3
32	65	3	0
32	66	3	0
32	67	3	0
32	68	3	0
32	69	3	0
32	70	3	0
32	71	3	0
32	72	3	0
32	73	3	0
32	74	3	0
32	75	3	0
32	76	3	0
32	77	3	0
32	78	3	0
32	79	3	0
32	80	3	3
32	81	3	0
32	82	3	3
32	83	3	3
32	84	3	3
32	85	3	0
32	86	3	0
32	87	3	3
32	88	3	0
32	89	3	0
32	90	3	0
32	91	3	0
32	92	3	0
32	93	3	0
32	94	3	0
32	95	3	0
33	0	3	0
33	1	3	0
33	2	3	3
33	3	3	3
33	4	3	3
33	5	3	0
33	6	3	3
33	7	3	3
33	8	3	0
33	9	3	3
33	10	3	3
33	11	3	3
33	12	3	0
33	13	3	3
33	14	3	3
33	15	3	3
33	16	3	3
33	17	3	3
33	18	3	3
33	19	3	0
33	20	3	3
33	21	3	3
33	22	3	3
33	23	3	3
33	24	3	3
33	25	3	3
33	26	3	3
33	27	3	0
33	28	3	0
33	29	3	3
33	30	3	0
33	31	3	0
33	32	3	3
33	33	3	3
33	34	3	3
33	35	3	3
33	36	3	3
33	37	3	3
33	38	3	3
33	39	3	3
33	40	3	3
33	41	3	3
33	42	3	3
33	43	3	0
33	44	3	3
33	45	3	3
33	46	3	0
33	47	3	0
33	48	3	0
33	49	3	0
33	50	3	0
33	51	3	0
33	52	3	0
33	53	3	0
33	54	3	0
33	55	3	0
33	56	3	0
33	57	3	0
33	58	3	0
33	59	3	0
33	60	3	0
33	61	3	0
33	62	3	0
33	63	3	0
33	64	3	0
33	65	3	0
33	66	3	0
33	67	3	0
33	68	3	0
33	69	3	0
33	70	3	0
33	71	3	0
33	72	3	0
33	73	3	0
33	74	3	0
33	75	3	0
33	76	3	0
33	77	3	0
33	78	3	0
33	79	3	0
33	80	3	0
33	81	3	0
33	82	3	0
33	83	3	0
33	84	3	0
33	85	3	0
33	86	3	0
33	87	3	0
33	88	3	0
33	89	3	0
33	90	3	0
33	91	3	0
33	92	3	0
33	93	3	0
33	94	3	0
33	95	3	0
34	0	3	3
34	1	3	3
34	2	3	3
34	3	3	3
34	4	3	3
34	5	3	0
34	6	3	3
34	7	3	3
34	8	3	0
34	9	3	3
34	10	3	3
34	11	3	3
34	12	3	0
34	13	3	3
34	14	3	3
34	15	3	3
34	16	3	3
34	17	3	3
34	18	3	3
34	19	3	3
34	20	3	3
34	21	3	3
34	22	3	3
34	23	3	3
34	24	3	3
34	25	3	3
34	26	3	3
34	27	3	0
34	28	3	0
34	29	3	3
34	30	3	0
34	31	3	0
34	32	3	3
34	33	3	3
34	34	3	3
34	35	3	3
34	36	3	3
34	37	3	3
34	38	3	3
34	39	3	3
34	40	3	3
34	41	3	3
34	42	3	3
34	43	3	0
34	44	3	3
34	45	3	3
34	46	3	0
34	47	3	0
34	48	3	0
34	49	3	0
34	50	3	0
34	51	3	0
34	52	3	0
34	53	3	0
34	54	3	0
34	55	3	0
34	56	3	0
34	57	3	0
34	58	3	0
34	59	3	3
34	60	3	0
34	61	3	0
34	62	3	0
34	63	3	0
34	64	3	0
34	65	3	0
34	66	3	0
34	67	3	0
34	68	3	3
34	69	3	3
34	70	3	0
34	71	3	3
34	72	3	3
34	73	3	0
34	74	3	3
34	75	3	0
34	76	3	0
34	77	3	0
34	78	3	0
34	79	3	0
34	80	3	3
34	81	3	0
34	82	3	3
34	83	3	3
34	84	3	3
34	85	3	0
34	86	3	0
34	87	3	0
34	88	3	0
34	89	3	0
34	90	3	0
34	91	3	0
34	92	3	0
34	93	3	0
34	94	3	0
34	95	3	0
35	0	3	3
35	1	3	3
35	2	3	3
35	3	3	3
35	4	3	3
35	5	3	3
35	6	3	3
35	7	3	3
35	8	3	0
35	9	3	0
35	10	3	3
35	11	3	3
35	12	3	0
35	13	3	3
35	14	3	3
35	15	3	3
35	16	3	3
35	17	3	3
35	18	3	3
35	19	3	0
35	20	3	3
35	21	3	3
35	22	3	3
35	23	3	3
35	24	3	3
35	25	3	3
35	26	3	3
35	27	3	3
35	28	3	3
35	29	3	3
35	30	3	0
35	31	3	3
35	32	3	3
35	33	3	3
35	34	3	3
35	35	3	3
35	36	3	3
35	37	3	3
35	38	3	3
35	39	3	3
35	40	3	3
35	41	3	3
35	42	3	3
35	43	3	3
35	44	3	3
35	45	3	0
35	46	3	0
35	47	3	0
35	48	3	3
35	49	3	3
35	50	3	0
35	51	3	0
35	52	3	3
35	53	3	0
35	54	3	0
35	55	3	0
35	56	3	0
35	57	3	0
35	58	3	0
35	59	3	3
35	60	3	0
35	61	3	3
35	62	3	3
35	63	3	3
35	64	3	3
35	65	3	0
35	66	3	0
35	67	3	0
35	68	3	0
35	69	3	0
35	70	3	0
35	71	3	0
35	72	3	0
35	73	3	0
35	74	3	0
35	75	3	0
35	76	3	0
35	77	3	0
35	78	3	0
35	79	3	0
35	80	3	3
35	81	3	0
35	82	3	3
35	83	3	3
35	84	3	3
35	85	3	0
35	86	3	0
35	87	3	3
35	88	3	0
35	89	3	0
35	90	3	0
35	91	3	0
35	92	3	0
35	93	3	0
35	94	3	0
35	95	3	0
36	0	3	3
36	1	3	3
36	2	3	3
36	3	3	3
36	4	3	3
36	5	3	0
36	6	3	3
36	7	3	0
36	8	3	0
36	9	3	3
36	10	3	3
36	11	3	3
36	12	3	0
36	13	3	3
36	14	3	3
36	15	3	3
36	16	3	3
36	17	3	3
36	18	3	3
36	19	3	3
36	20	3	3
36	21	3	3
36	22	3	3
36	23	3	3
36	24	3	3
36	25	3	3
36	26	3	3
36	27	3	0
36	28	3	0
36	29	3	3
36	30	3	0
36	31	3	3
36	32	3	3
36	33	3	3
36	34	3	3
36	35	3	3
36	36	3	3
36	37	3	3
36	38	3	3
36	39	3	3
36	40	3	3
36	41	3	3
36	42	3	3
36	43	3	0
36	44	3	3
36	45	3	3
36	46	3	0
36	47	3	0
36	48	3	0
36	49	3	0
36	50	3	0
36	51	3	0
36	52	3	0
36	53	3	0
36	54	3	0
36	55	3	0
36	56	3	0
36	57	3	0
36	58	3	0
36	59	3	3
36	60	3	0
36	61	3	0
36	62	3	0
36	63	3	0
36	64	3	0
36	65	3	0
36	66	3	0
36	67	3	0
36	68	3	3
36	69	3	3
36	70	3	0
36	71	3	3
36	72	3	3
36	73	3	0
36	74	3	3
36	75	3	0
36	76	3	0
36	77	3	0
36	78	3	0
36	79	3	0
36	80	3	3
36	81	3	0
36	82	3	3
36	83	3	3
36	84	3	3
36	85	3	0
36	86	3	0
36	87	3	0
36	88	3	0
36	89	3	0
36	90	3	0
36	91	3	0
36	92	3	0
36	93	3	0
36	94	3	0
36	95	3	0
37	0	3	0
37	1	3	0
37	2	3	0
37	3	3	0
37	4	3	3
37	5	3	0
37	6	3	0
37	7	3	0
37	8	3	0
37	9	3	0
37	10	3	0
37	11	3	0
37	12	3	0
37	13	3	3
37	14	3	0
37	15	3	3
37	16	3	3
37	17	3	0
37	18	3	0
37	19	3	0
37	20	3	0
37	21	3	0
37	22	3	0
37	23	3	0
37	24	3	0
37	25	3	0
37	26	3	0
37	27	3	0
37	28	3	0
37	29	3	0
37	30	3	0
37	31	3	0
37	32	3	3
37	33	3	0
37	34	3	0
37	35	3	0
37	36	3	0
37	37	3	3
37	38	3	3
37	39	3	3
37	40	3	0
37	41	3	0
37	42	3	3
37	43	3	3
37	44	3	0
37	45	3	0
37	46	3	0
37	47	3	0
37	48	3	0
37	49	3	0
37	50	3	0
37	51	3	0
37	52	3	0
37	53	3	0
37	54	3	0
37	55	3	0
37	56	3	0
37	57	3	0
37	58	3	0
37	59	3	0
37	60	3	0
37	61	3	0
37	62	3	0
37	63	3	0
37	64	3	0
37	65	3	0
37	66	3	0
37	67	3	0
37	68	3	0
37	69	3	0
37	70	3	0
37	71	3	0
37	72	3	0
37	73	3	0
37	74	3	0
37	75	3	0
37	76	3	0
37	77	3	0
37	78	3	0
37	79	3	0
37	80	3	0
37	81	3	0
37	82	3	0
37	83	3	0
37	84	3	0
37	85	3	0
37	86	3	0
37	87	3	0
37	88	3	0
37	89	3	0
37	90	3	0
37	91	3	0
37	92	3	0
37	93	3	0
37	94	3	0
37	95	3	0
38	0	3	0
38	1	3	0
38	2	3	3
38	3	3	3
38	4	3	3
38	5	3	0
38	6	3	3
38	7	3	3
38	8	3	0
38	9	3	0
38	10	3	0
38	11	3	0
38	12	3	3
38	13	3	3
38	14	3	3
38	15	3	3
38	16	3	3
38	17	3	3
38	18	3	3
38	19	3	0
38	20	3	3
38	21	3	0
38	22	3	3
38	23	3	0
38	24	3	3
38	25	3	3
38	26	3	3
38	27	3	3
38	28	3	3
38	29	3	3
38	30	3	0
38	31	3	0
38	32	3	3
38	33	3	3
38	34	3	3
38	35	3	3
38	36	3	3
38	37	3	3
38	38	3	3
38	39	3	3
38	40	3	3
38	41	3	0
38	42	3	3
38	43	3	3
38	44	3	3
38	45	3	3
38	46	3	0
38	47	3	0
38	48	3	0
38	49	3	0
38	50	3	0
38	51	3	0
38	52	3	3
38	53	3	0
38	54	3	0
38	55	3	0
38	56	3	0
38	57	3	0
38	58	3	0
38	59	3	0
38	60	3	0
38	61	3	3
38	62	3	3
38	63	3	3
38	64	3	3
38	65	3	0
38	66	3	0
38	67	3	0
38	68	3	0
38	69	3	0
38	70	3	0
38	71	3	0
38	72	3	0
38	73	3	0
38	74	3	0
38	75	3	0
38	76	3	0
38	77	3	0
38	78	3	0
38	79	3	0
38	80	3	0
38	81	3	0
38	82	3	0
38	83	3	0
38	84	3	0
38	85	3	0
38	86	3	3
38	87	3	3
38	88	3	3
38	89	3	0
38	90	3	0
38	91	3	0
38	92	3	0
38	93	3	0
38	94	3	0
38	95	3	0
39	0	3	0
39	1	3	0
39	2	3	0
39	3	3	3
39	4	3	3
39	5	3	0
39	6	3	3
39	7	3	3
39	8	3	0
39	9	3	0
39	10	3	0
39	11	3	0
39	12	3	3
39	13	3	3
39	14	3	3
39	15	3	3
39	16	3	3
39	17	3	3
39	18	3	3
39	19	3	0
39	20	3	3
39	21	3	0
39	22	3	3
39	23	3	0
39	24	3	0
39	25	3	3
39	26	3	3
39	27	3	3
39	28	3	3
39	29	3	3
39	30	3	0
39	31	3	0
39	32	3	3
39	33	3	3
39	34	3	3
39	35	3	3
39	36	3	3
39	37	3	3
39	38	3	3
39	39	3	3
39	40	3	3
39	41	3	0
39	42	3	3
39	43	3	3
39	44	3	3
39	45	3	3
39	46	3	0
39	47	3	0
39	48	3	0
39	49	3	0
39	50	3	0
39	51	3	0
39	52	3	3
39	53	3	0
39	54	3	0
39	55	3	0
39	56	3	0
39	57	3	0
39	58	3	0
39	59	3	0
39	60	3	0
39	61	3	3
39	62	3	3
39	63	3	3
39	64	3	3
39	65	3	0
39	66	3	0
39	67	3	0
39	68	3	0
39	69	3	0
39	70	3	0
39	71	3	0
39	72	3	0
39	73	3	0
39	74	3	0
39	75	3	0
39	76	3	0
39	77	3	0
39	78	3	0
39	79	3	0
39	80	3	0
39	81	3	0
39	82	3	0
39	83	3	0
39	84	3	0
39	85	3	0
39	86	3	0
39	87	3	3
39	88	3	0
39	89	3	0
39	90	3	0
39	91	3	0
39	92	3	0
39	93	3	0
39	94	3	0
39	95	3	0
40	0	3	0
40	1	3	0
40	2	3	3
40	3	3	0
40	4	3	3
40	5	3	0
40	6	3	0
40	7	3	3
40	8	3	0
40	9	3	0
40	10	3	0
40	11	3	0
40	12	3	0
40	13	3	3
40	14	3	3
40	15	3	3
40	16	3	3
40	17	3	3
40	18	3	3
40	19	3	0
40	20	3	0
40	21	3	0
40	22	3	3
40	23	3	0
40	24	3	0
40	25	3	3
40	26	3	3
40	27	3	0
40	28	3	0
40	29	3	3
40	30	3	0
40	31	3	0
40	32	3	3
40	33	3	3
40	34	3	3
40	35	3	3
40	36	3	3
40	37	3	3
40	38	3	3
40	39	3	3
40	40	3	3
40	41	3	0
40	42	3	3
40	43	3	3
40	44	3	3
40	45	3	3
40	46	3	0
40	47	3	0
40	48	3	0
40	49	3	0
40	50	3	0
40	51	3	0
40	52	3	0
40	53	3	0
40	54	3	0
40	55	3	0
40	56	3	0
40	57	3	0
40	58	3	0
40	59	3	0
40	60	3	0
40	61	3	0
40	62	3	0
40	63	3	0
40	64	3	0
40	65	3	0
40	66	3	0
40	67	3	0
40	68	3	0
40	69	3	0
40	70	3	0
40	71	3	0
40	72	3	0
40	73	3	0
40	74	3	0
40	75	3	0
40	76	3	0
40	77	3	0
40	78	3	0
40	79	3	0
40	80	3	0
40	81	3	0
40	82	3	0
40	83	3	0
40	84	3	0
40	85	3	0
40	86	3	3
40	87	3	0
40	88	3	3
40	89	3	0
40	90	3	0
40	91	3	0
40	92	3	0
40	93	3	0
40	94	3	0
40	95	3	0
41	0	3	0
41	1	3	0
41	2	3	0
41	3	3	3
41	4	3	3
41	5	3	0
41	6	3	3
41	7	3	3
41	8	3	0
41	9	3	0
41	10	3	3
41	11	3	3
41	12	3	3
41	13	3	3
41	14	3	3
41	15	3	3
41	16	3	3
41	17	3	3
41	18	3	3
41	19	3	3
41	20	3	3
41	21	3	3
41	22	3	3
41	23	3	3
41	24	3	3
41	25	3	3
41	26	3	3
41	27	3	3
41	28	3	3
41	29	3	3
41	30	3	0
41	31	3	3
41	32	3	3
41	33	3	0
41	34	3	0
41	35	3	3
41	36	3	0
41	37	3	0
41	38	3	0
41	39	3	0
41	40	3	0
41	41	3	0
41	42	3	0
41	43	3	0
41	44	3	0
41	45	3	0
41	46	3	0
41	47	3	0
41	48	3	0
41	49	3	0
41	50	3	0
41	51	3	0
41	52	3	0
41	53	3	0
41	54	3	0
41	55	3	0
41	56	3	0
41	57	3	0
41	58	3	0
41	59	3	0
41	60	3	0
41	61	3	0
41	62	3	0
41	63	3	0
41	64	3	0
41	65	3	0
41	66	3	0
41	67	3	0
41	68	3	0
41	69	3	0
41	70	3	0
41	71	3	0
41	72	3	0
41	73	3	0
41	74	3	0
41	75	3	0
41	76	3	0
41	77	3	0
41	78	3	0
41	79	3	0
41	80	3	0
41	81	3	0
41	82	3	0
41	83	3	0
41	84	3	0
41	85	3	0
41	86	3	0
41	87	3	0
41	88	3	0
41	89	3	0
41	90	3	0
41	91	3	0
41	92	3	0
41	93	3	0
41	94	3	0
41	95	3	0
42	0	3	3
42	1	3	3
42	2	3	3
42	3	3	3
42	4	3	3
42	5	3	0
42	6	3	3
42	7	3	3
42	8	3	0
42	9	3	0
42	10	3	3
42	11	3	3
42	12	3	3
42	13	3	3
42	14	3	3
42	15	3	3
42	16	3	3
42	17	3	3
42	18	3	3
42	19	3	0
42	20	3	3
42	21	3	3
42	22	3	3
42	23	3	3
42	24	3	3
42	25	3	3
42	26	3	3
42	27	3	3
42	28	3	3
42	29	3	3
42	30	3	3
42	31	3	3
42	32	3	3
42	33	3	3
42	34	3	3
42	35	3	3
42	36	3	3
42	37	3	3
42	38	3	3
42	39	3	3
42	40	3	3
42	41	3	0
42	42	3	0
42	43	3	3
42	44	3	0
42	45	3	0
42	46	3	0
42	47	3	0
42	48	3	0
42	49	3	0
42	50	3	0
42	51	3	0
42	52	3	0
42	53	3	0
42	54	3	0
42	55	3	0
42	56	3	0
42	57	3	0
42	58	3	0
42	59	3	0
42	60	3	0
42	61	3	0
42	62	3	0
42	63	3	0
42	64	3	0
42	65	3	0
42	66	3	0
42	67	3	0
42	68	3	0
42	69	3	0
42	70	3	0
42	71	3	0
42	72	3	0
42	73	3	0
42	74	3	0
42	75	3	0
42	76	3	0
42	77	3	0
42	78	3	0
42	79	3	0
42	80	3	0
42	81	3	0
42	82	3	0
42	83	3	0
42	84	3	0
42	85	3	0
42	86	3	0
42	87	3	0
42	88	3	0
42	89	3	0
42	90	3	0
42	91	3	0
42	92	3	0
42	93	3	0
42	94	3	0
42	95	3	0
43	0	3	0
43	1	3	3
43	2	3	0
43	3	3	3
43	4	3	3
43	5	3	0
43	6	3	3
43	7	3	3
43	8	3	0
43	9	3	0
43	10	3	3
43	11	3	3
43	12	3	3
43	13	3	3
43	14	3	3
43	15	3	3
43	16	3	3
43	17	3	3
43	18	3	3
43	19	3	3
43	20	3	3
43	21	3	3
43	22	3	3
43	23	3	3
43	24	3	3
43	25	3	3
43	26	3	3
43	27	3	3
43	28	3	3
43	29	3	3
43	30	3	3
43	31	3	3
43	32	3	3
43	33	3	0
43	34	3	0
43	35	3	3
43	36	3	0
43	37	3	3
43	38	3	3
43	39	3	3
43	40	3	3
43	41	3	0
43	42	3	0
43	43	3	3
43	44	3	3
43	45	3	3
43	46	3	0
43	47	3	0
43	48	3	0
43	49	3	0
43	50	3	0
43	51	3	0
43	52	3	0
43	53	3	0
43	54	3	0
43	55	3	0
43	56	3	0
43	57	3	0
43	58	3	0
43	59	3	0
43	60	3	0
43	61	3	0
43	62	3	0
43	63	3	0
43	64	3	0
43	65	3	0
43	66	3	0
43	67	3	0
43	68	3	0
43	69	3	0
43	70	3	0
43	71	3	0
43	72	3	0
43	73	3	0
43	74	3	0
43	75	3	0
43	76	3	0
43	77	3	0
43	78	3	0
43	79	3	0
43	80	3	0
43	81	3	0
43	82	3	0
43	83	3	0
43	84	3	0
43	85	3	0
43	86	3	0
43	87	3	0
43	88	3	0
43	89	3	0
43	90	3	0
43	91	3	0
43	92	3	0
43	93	3	0
43	94	3	0
43	95	3	0
44	0	3	0
44	1	3	0
44	2	3	0
44	3	3	0
44	4	3	3
44	5	3	0
44	6	3	0
44	7	3	0
44	8	3	0
44	9	3	0
44	10	3	0
44	11	3	0
44	12	3	0
44	13	3	0
44	14	3	0
44	15	3	0
44	16	3	0
44	17	3	0
44	18	3	0
44	19	3	0
44	20	3	0
44	21	3	0
44	22	3	0
44	23	3	0
44	24	3	0
44	25	3	0
44	26	3	3
44	27	3	0
44	28	3	0
44	29	3	0
44	30	3	0
44	31	3	0
44	32	3	0
44	33	3	0
44	34	3	0
44	35	3	0
44	36	3	0
44	37	3	0
44	38	3	0
44	39	3	0
44	40	3	0
44	41	3	0
44	42	3	0
44	43	3	0
44	44	3	0
44	45	3	0
44	46	3	3
44	47	3	0
44	48	3	0
44	49	3	0
44	50	3	0
44	51	3	0
44	52	3	0
44	53	3	0
44	54	3	0
44	55	3	0
44	56	3	0
44	57	3	0
44	58	3	0
44	59	3	0
44	60	3	0
44	61	3	0
44	62	3	0
44	63	3	0
44	64	3	0
44	65	3	0
44	66	3	0
44	67	3	0
44	68	3	0
44	69	3	0
44	70	3	0
44	71	3	0
44	72	3	0
44	73	3	0
44	74	3	0
44	75	3	0
44	76	3	0
44	77	3	0
44	78	3	0
44	79	3	0
44	80	3	0
44	81	3	0
44	82	3	0
44	83	3	0
44	84	3	0
44	85	3	0
44	86	3	0
44	87	3	0
44	88	3	0
44	89	3	0
44	90	3	0
44	91	3	0
44	92	3	0
44	93	3	0
44	94	3	0
44	95	3	0
45	0	3	0
45	1	3	0
45	2	3	0
45	3	3	0
45	4	3	0
45	5	3	0
45	6	3	0
45	7	3	0
45	8	3	0
45	9	3	0
45	10	3	0
45	11	3	0
45	12	3	0
45	13	3	0
45	14	3	0
45	15	3	0
45	16	3	0
45	17	3	0
45	18	3	0
45	19	3	0
45	20	3	0
45	21	3	0
45	22	3	0
45	23	3	0
45	24	3	0
45	25	3	0
45	26	3	0
45	27	3	0
45	28	3	0
45	29	3	0
45	30	3	0
45	31	3	0
45	32	3	0
45	33	3	0
45	34	3	0
45	35	3	0
45	36	3	0
45	37	3	0
45	38	3	0
45	39	3	0
45	40	3	0
45	41	3	0
45	42	3	0
45	43	3	0
45	44	3	0
45	45	3	0
45	46	3	3
45	47	3	0
45	48	3	0
45	49	3	0
45	50	3	0
45	51	3	0
45	52	3	0
45	53	3	0
45	54	3	0
45	55	3	0
45	56	3	0
45	57	3	0
45	58	3	0
45	59	3	0
45	60	3	0
45	61	3	0
45	62	3	0
45	63	3	0
45	64	3	0
45	65	3	0
45	66	3	0
45	67	3	0
45	68	3	0
45	69	3	0
45	70	3	0
45	71	3	0
45	72	3	0
45	73	3	0
45	74	3	0
45	75	3	0
45	76	3	0
45	77	3	0
45	78	3	0
45	79	3	0
45	80	3	0
45	81	3	0
45	82	3	0
45	83	3	0
45	84	3	0
45	85	3	0
45	86	3	0
45	87	3	0
45	88	3	0
45	89	3	0
45	90	3	0
45	91	3	0
45	92	3	0
45	93	3	0
45	94	3	0
45	95	3	0
46	0	3	0
46	1	3	0
46	2	3	0
46	3	3	0
46	4	3	0
46	5	3	0
46	6	3	0
46	7	3	0
46	8	3	0
46	9	3	0
46	10	3	0
46	11	3	0
46	12	3	0
46	13	3	0
46	14	3	0
46	15	3	0
46	16	3	0
46	17	3	0
46	18	3	0
46	19	3	0
46	20	3	0
46	21	3	0
46	22	3	0
46	23	3	0
46	24	3	0
46	25	3	0
46	26	3	0
46	27	3	0
46	28	3	0
46	29	3	0
46	30	3	0
46	31	3	0
46	32	3	0
46	33	3	0
46	34	3	0
46	35	3	0
46	36	3	0
46	37	3	0
46	38	3	0
46	39	3	0
46	40	3	0
46	41	3	3
46	42	3	0
46	43	3	0
46	44	3	0
46	45	3	0
46	46	3	0
46	47	3	0
46	48	3	0
46	49	3	0
46	50	3	0
46	51	3	0
46	52	3	0
46	53	3	0
46	54	3	0
46	55	3	0
46	56	3	0
46	57	3	0
46	58	3	0
46	59	3	0
46	60	3	0
46	61	3	0
46	62	3	0
46	63	3	0
46	64	3	0
46	65	3	0
46	66	3	0
46	67	3	0
46	68	3	0
46	69	3	0
46	70	3	0
46	71	3	0
46	72	3	0
46	73	3	0
46	74	3	0
46	75	3	0
46	76	3	0
46	77	3	0
46	78	3	0
46	79	3	0
46	80	3	0
46	81	3	0
46	82	3	0
46	83	3	0
46	84	3	0
46	85	3	0
46	86	3	0
46	87	3	0
46	88	3	0
46	89	3	0
46	90	3	0
46	91	3	0
46	92	3	0
46	93	3	0
46	94	3	0
46	95	3	0
47	0	3	0
47	1	3	0
47	2	3	0
47	3	3	0
47	4	3	0
47	5	3	0
47	6	3	0
47	7	3	0
47	8	3	0
47	9	3	0
47	10	3	0
47	11	3	0
47	12	3	0
47	13	3	0
47	14	3	0
47	15	3	0
47	16	3	0
47	17	3	0
47	18	3	0
47	19	3	0
47	20	3	0
47	21	3	0
47	22	3	0
47	23	3	0
47	24	3	0
47	25	3	0
47	26	3	0
47	27	3	0
47	28	3	0
47	29	3	0
47	30	3	0
47	31	3	0
47	32	3	0
47	33	3	0
47	34	3	0
47	35	3	0
47	36	3	0
47	37	3	0
47	38	3	0
47	39	3	0
47	40	3	0
47	41	3	0
47	42	3	0
47	43	3	0
47	44	3	0
47	45	3	0
47	46	3	3
47	47	3	0
47	48	3	0
47	49	3	0
47	50	3	0
47	51	3	0
47	52	3	0
47	53	3	0
47	54	3	0
47	55	3	0
47	56	3	0
47	57	3	0
47	58	3	0
47	59	3	0
47	60	3	0
47	61	3	0
47	62	3	0
47	63	3	0
47	64	3	0
47	65	3	0
47	66	3	0
47	67	3	0
47	68	3	0
47	69	3	0
47	70	3	0
47	71	3	0
47	72	3	0
47	73	3	0
47	74	3	0
47	75	3	0
47	76	3	0
47	77	3	0
47	78	3	0
47	79	3	0
47	80	3	0
47	81	3	0
47	82	3	0
47	83	3	0
47	84	3	0
47	85	3	0
47	86	3	0
47	87	3	0
47	88	3	0
47	89	3	0
47	90	3	0
47	91	3	0
47	92	3	0
47	93	3	0
47	94	3	0
47	95	3	0
48	0	3	3
48	1	3	3
48	2	3	0
48	3	3	0
48	4	3	0
48	5	3	0
48	6	3	0
48	7	3	0
48	8	3	0
48	9	3	0
48	10	3	0
48	11	3	3
48	12	3	0
48	13	3	0
48	14	3	0
48	15	3	0
48	16	3	0
48	17	3	0
48	18	3	0
48	19	3	0
48	20	3	0
48	21	3	0
48	22	3	0
48	23	3	0
48	24	3	0
48	25	3	0
48	26	3	0
48	27	3	0
48	28	3	0
48	29	3	0
48	30	3	0
48	31	3	0
48	32	3	3
48	33	3	0
48	34	3	0
48	35	3	3
48	36	3	0
48	37	3	0
48	38	3	0
48	39	3	0
48	40	3	0
48	41	3	0
48	42	3	0
48	43	3	0
48	44	3	0
48	45	3	0
48	46	3	0
48	47	3	0
48	48	3	3
48	49	3	3
48	50	3	0
48	51	3	3
48	52	3	0
48	53	3	0
48	54	3	3
48	55	3	3
48	56	3	0
48	57	3	0
48	58	3	3
48	59	3	3
48	60	3	0
48	61	3	3
48	62	3	0
48	63	3	0
48	64	3	0
48	65	3	3
48	66	3	3
48	67	3	0
48	68	3	3
48	69	3	3
48	70	3	3
48	71	3	3
48	72	3	3
48	73	3	3
48	74	3	0
48	75	3	0
48	76	3	0
48	77	3	3
48	78	3	0
48	79	3	0
48	80	3	3
48	81	3	0
48	82	3	3
48	83	3	3
48	84	3	3
48	85	3	0
48	86	3	0
48	87	3	0
48	88	3	0
48	89	3	0
48	90	3	3
48	91	3	0
48	92	3	0
48	93	3	0
48	94	3	0
48	95	3	0
49	0	3	3
49	1	3	3
49	2	3	0
49	3	3	0
49	4	3	0
49	5	3	0
49	6	3	0
49	7	3	0
49	8	3	0
49	9	3	0
49	10	3	0
49	11	3	3
49	12	3	0
49	13	3	0
49	14	3	0
49	15	3	0
49	16	3	0
49	17	3	0
49	18	3	0
49	19	3	0
49	20	3	0
49	21	3	0
49	22	3	0
49	23	3	0
49	24	3	0
49	25	3	0
49	26	3	0
49	27	3	0
49	28	3	0
49	29	3	0
49	30	3	0
49	31	3	0
49	32	3	3
49	33	3	0
49	34	3	3
49	35	3	3
49	36	3	3
49	37	3	0
49	38	3	0
49	39	3	0
49	40	3	0
49	41	3	0
49	42	3	0
49	43	3	0
49	44	3	0
49	45	3	0
49	46	3	0
49	47	3	0
49	48	3	3
49	49	3	3
49	50	3	3
49	51	3	3
49	52	3	3
49	53	3	0
49	54	3	3
49	55	3	3
49	56	3	0
49	57	3	0
49	58	3	3
49	59	3	3
49	60	3	0
49	61	3	3
49	62	3	3
49	63	3	3
49	64	3	3
49	65	3	3
49	66	3	3
49	67	3	0
49	68	3	3
49	69	3	3
49	70	3	3
49	71	3	3
49	72	3	3
49	73	3	3
49	74	3	3
49	75	3	3
49	76	3	3
49	77	3	3
49	78	3	3
49	79	3	3
49	80	3	3
49	81	3	3
49	82	3	3
49	83	3	3
49	84	3	3
49	85	3	0
49	86	3	0
49	87	3	0
49	88	3	0
49	89	3	0
49	90	3	3
49	91	3	3
49	92	3	0
49	93	3	0
49	94	3	0
49	95	3	0
50	0	3	0
50	1	3	0
50	2	3	0
50	3	3	0
50	4	3	0
50	5	3	0
50	6	3	0
50	7	3	0
50	8	3	0
50	9	3	0
50	10	3	0
50	11	3	0
50	12	3	0
50	13	3	0
50	14	3	0
50	15	3	0
50	16	3	0
50	17	3	0
50	18	3	0
50	19	3	0
50	20	3	0
50	21	3	0
50	22	3	0
50	23	3	0
50	24	3	0
50	25	3	0
50	26	3	0
50	27	3	0
50	28	3	0
50	29	3	0
50	30	3	0
50	31	3	0
50	32	3	0
50	33	3	0
50	34	3	0
50	35	3	0
50	36	3	0
50	37	3	0
50	38	3	0
50	39	3	0
50	40	3	0
50	41	3	0
50	42	3	0
50	43	3	0
50	44	3	0
50	45	3	0
50	46	3	0
50	47	3	0
50	48	3	0
50	49	3	0
50	50	3	3
50	51	3	3
50	52	3	0
50	53	3	0
50	54	3	3
50	55	3	0
50	56	3	3
50	57	3	3
50	58	3	3
50	59	3	3
50	60	3	0
50	61	3	3
50	62	3	0
50	63	3	0
50	64	3	0
50	65	3	3
50	66	3	3
50	67	3	0
50	68	3	3
50	69	3	3
50	70	3	3
50	71	3	3
50	72	3	3
50	73	3	3
50	74	3	3
50	75	3	0
50	76	3	0
50	77	3	0
50	78	3	0
50	79	3	0
50	80	3	3
50	81	3	3
50	82	3	3
50	83	3	3
50	84	3	3
50	85	3	3
50	86	3	3
50	87	3	3
50	88	3	3
50	89	3	3
50	90	3	3
50	91	3	0
50	92	3	0
50	93	3	0
50	94	3	0
50	95	3	0
51	0	3	0
51	1	3	0
51	2	3	0
51	3	3	3
51	4	3	3
51	5	3	0
51	6	3	0
51	7	3	0
51	8	3	0
51	9	3	0
51	10	3	0
51	11	3	3
51	12	3	3
51	13	3	3
51	14	3	3
51	15	3	3
51	16	3	3
51	17	3	3
51	18	3	3
51	19	3	0
51	20	3	3
51	21	3	3
51	22	3	3
51	23	3	3
51	24	3	3
51	25	3	3
51	26	3	3
51	27	3	3
51	28	3	3
51	29	3	3
51	30	3	0
51	31	3	0
51	32	3	0
51	33	3	0
51	34	3	3
51	35	3	0
51	36	3	3
51	37	3	0
51	38	3	0
51	39	3	0
51	40	3	0
51	41	3	0
51	42	3	0
51	43	3	0
51	44	3	0
51	45	3	0
51	46	3	0
51	47	3	0
51	48	3	0
51	49	3	0
51	50	3	3
51	51	3	3
51	52	3	3
51	53	3	0
51	54	3	3
51	55	3	3
51	56	3	3
51	57	3	0
51	58	3	3
51	59	3	3
51	60	3	3
51	61	3	3
51	62	3	3
51	63	3	3
51	64	3	3
51	65	3	3
51	66	3	3
51	67	3	0
51	68	3	3
51	69	3	3
51	70	3	3
51	71	3	3
51	72	3	3
51	73	3	3
51	74	3	3
51	75	3	3
51	76	3	3
51	77	3	3
51	78	3	3
51	79	3	3
51	80	3	3
51	81	3	3
51	82	3	3
51	83	3	3
51	84	3	3
51	85	3	0
51	86	3	0
51	87	3	3
51	88	3	0
51	89	3	3
51	90	3	0
51	91	3	3
51	92	3	3
51	93	3	3
51	94	3	0
51	95	3	3
52	0	3	0
52	1	3	0
52	2	3	0
52	3	3	3
52	4	3	3
52	5	3	3
52	6	3	0
52	7	3	3
52	8	3	0
52	9	3	0
52	10	3	0
52	11	3	3
52	12	3	3
52	13	3	3
52	14	3	3
52	15	3	3
52	16	3	3
52	17	3	3
52	18	3	3
52	19	3	0
52	20	3	0
52	21	3	0
52	22	3	3
52	23	3	0
52	24	3	0
52	25	3	3
52	26	3	3
52	27	3	3
52	28	3	3
52	29	3	3
52	30	3	0
52	31	3	0
52	32	3	3
52	33	3	0
52	34	3	0
52	35	3	3
52	36	3	0
52	37	3	0
52	38	3	3
52	39	3	3
52	40	3	3
52	41	3	0
52	42	3	0
52	43	3	0
52	44	3	3
52	45	3	0
52	46	3	0
52	47	3	0
52	48	3	3
52	49	3	3
52	50	3	0
52	51	3	3
52	52	3	3
52	53	3	3
52	54	3	3
52	55	3	3
52	56	3	3
52	57	3	3
52	58	3	3
52	59	3	3
52	60	3	3
52	61	3	3
52	62	3	3
52	63	3	3
52	64	3	3
52	65	3	3
52	66	3	3
52	67	3	0
52	68	3	3
52	69	3	3
52	70	3	3
52	71	3	3
52	72	3	3
52	73	3	3
52	74	3	3
52	75	3	3
52	76	3	3
52	77	3	3
52	78	3	3
52	79	3	0
52	80	3	3
52	81	3	3
52	82	3	3
52	83	3	3
52	84	3	3
52	85	3	3
52	86	3	3
52	87	3	3
52	88	3	3
52	89	3	3
52	90	3	3
52	91	3	3
52	92	3	3
52	93	3	3
52	94	3	0
52	95	3	0
53	0	3	0
53	1	3	0
53	2	3	0
53	3	3	0
53	4	3	3
53	5	3	0
53	6	3	0
53	7	3	0
53	8	3	0
53	9	3	0
53	10	3	0
53	11	3	0
53	12	3	0
53	13	3	3
53	14	3	0
53	15	3	3
53	16	3	3
53	17	3	0
53	18	3	0
53	19	3	0
53	20	3	0
53	21	3	0
53	22	3	0
53	23	3	0
53	24	3	0
53	25	3	0
53	26	3	0
53	27	3	0
53	28	3	0
53	29	3	0
53	30	3	0
53	31	3	0
53	32	3	0
53	33	3	0
53	34	3	0
53	35	3	0
53	36	3	0
53	37	3	0
53	38	3	0
53	39	3	0
53	40	3	0
53	41	3	0
53	42	3	0
53	43	3	0
53	44	3	0
53	45	3	0
53	46	3	0
53	47	3	0
53	48	3	3
53	49	3	3
53	50	3	0
53	51	3	3
53	52	3	3
53	53	3	0
53	54	3	3
53	55	3	0
53	56	3	0
53	57	3	0
53	58	3	3
53	59	3	3
53	60	3	0
53	61	3	3
53	62	3	3
53	63	3	3
53	64	3	3
53	65	3	3
53	66	3	3
53	67	3	0
53	68	3	3
53	69	3	3
53	70	3	3
53	71	3	3
53	72	3	3
53	73	3	3
53	74	3	3
53	75	3	0
53	76	3	0
53	77	3	0
53	78	3	0
53	79	3	0
53	80	3	3
53	81	3	3
53	82	3	3
53	83	3	3
53	84	3	3
53	85	3	0
53	86	3	0
53	87	3	0
53	88	3	0
53	89	3	0
53	90	3	0
53	91	3	0
53	92	3	0
53	93	3	0
53	94	3	0
53	95	3	0
54	0	3	0
54	1	3	0
54	2	3	0
54	3	3	3
54	4	3	0
54	5	3	0
54	6	3	0
54	7	3	0
54	8	3	0
54	9	3	0
54	10	3	0
54	11	3	3
54	12	3	0
54	13	3	0
54	14	3	0
54	15	3	0
54	16	3	0
54	17	3	0
54	18	3	0
54	19	3	0
54	20	3	3
54	21	3	3
54	22	3	0
54	23	3	3
54	24	3	3
54	25	3	0
54	26	3	3
54	27	3	0
54	28	3	0
54	29	3	0
54	30	3	0
54	31	3	0
54	32	3	0
54	33	3	0
54	34	3	3
54	35	3	0
54	36	3	3
54	37	3	0
54	38	3	0
54	39	3	0
54	40	3	0
54	41	3	0
54	42	3	0
54	43	3	0
54	44	3	0
54	45	3	0
54	46	3	0
54	47	3	0
54	48	3	0
54	49	3	3
54	50	3	3
54	51	3	3
54	52	3	3
54	53	3	0
54	54	3	3
54	55	3	0
54	56	3	0
54	57	3	3
54	58	3	3
54	59	3	3
54	60	3	0
54	61	3	0
54	62	3	0
54	63	3	0
54	64	3	0
54	65	3	3
54	66	3	3
54	67	3	0
54	68	3	3
54	69	3	3
54	70	3	3
54	71	3	3
54	72	3	3
54	73	3	3
54	74	3	3
54	75	3	3
54	76	3	0
54	77	3	3
54	78	3	0
54	79	3	0
54	80	3	3
54	81	3	3
54	82	3	3
54	83	3	3
54	84	3	3
54	85	3	0
54	86	3	0
54	87	3	0
54	88	3	0
54	89	3	3
54	90	3	0
54	91	3	3
54	92	3	3
54	93	3	3
54	94	3	0
54	95	3	3
55	0	3	0
55	1	3	0
55	2	3	0
55	3	3	0
55	4	3	3
55	5	3	0
55	6	3	0
55	7	3	0
55	8	3	0
55	9	3	0
55	10	3	0
55	11	3	0
55	12	3	0
55	13	3	3
55	14	3	3
55	15	3	3
55	16	3	3
55	17	3	3
55	18	3	3
55	19	3	0
55	20	3	0
55	21	3	0
55	22	3	0
55	23	3	0
55	24	3	0
55	25	3	3
55	26	3	0
55	27	3	3
55	28	3	3
55	29	3	0
55	30	3	0
55	31	3	0
55	32	3	0
55	33	3	0
55	34	3	0
55	35	3	0
55	36	3	0
55	37	3	0
55	38	3	0
55	39	3	0
55	40	3	0
55	41	3	0
55	42	3	0
55	43	3	0
55	44	3	0
55	45	3	0
55	46	3	0
55	47	3	0
55	48	3	3
55	49	3	3
55	50	3	3
55	51	3	0
55	52	3	3
55	53	3	0
55	54	3	0
55	55	3	3
55	56	3	0
55	57	3	0
55	58	3	0
55	59	3	3
55	60	3	3
55	61	3	3
55	62	3	3
55	63	3	3
55	64	3	3
55	65	3	3
55	66	3	3
55	67	3	0
55	68	3	0
55	69	3	3
55	70	3	3
55	71	3	3
55	72	3	3
55	73	3	3
55	74	3	3
55	75	3	3
55	76	3	3
55	77	3	3
55	78	3	0
55	79	3	0
55	80	3	3
55	81	3	3
55	82	3	3
55	83	3	3
55	84	3	3
55	85	3	0
55	86	3	3
55	87	3	3
55	88	3	0
55	89	3	3
55	90	3	3
55	91	3	3
55	92	3	3
55	93	3	3
55	94	3	0
55	95	3	0
56	0	3	0
56	1	3	0
56	2	3	0
56	3	3	0
56	4	3	0
56	5	3	0
56	6	3	0
56	7	3	0
56	8	3	0
56	9	3	0
56	10	3	0
56	11	3	0
56	12	3	0
56	13	3	0
56	14	3	0
56	15	3	0
56	16	3	0
56	17	3	0
56	18	3	0
56	19	3	0
56	20	3	0
56	21	3	0
56	22	3	0
56	23	3	0
56	24	3	0
56	25	3	0
56	26	3	0
56	27	3	0
56	28	3	0
56	29	3	0
56	30	3	0
56	31	3	0
56	32	3	0
56	33	3	0
56	34	3	0
56	35	3	0
56	36	3	0
56	37	3	0
56	38	3	0
56	39	3	0
56	40	3	0
56	41	3	0
56	42	3	0
56	43	3	0
56	44	3	0
56	45	3	0
56	46	3	0
56	47	3	0
56	48	3	0
56	49	3	0
56	50	3	0
56	51	3	0
56	52	3	0
56	53	3	0
56	54	3	0
56	55	3	0
56	56	3	3
56	57	3	0
56	58	3	3
56	59	3	3
56	60	3	0
56	61	3	3
56	62	3	0
56	63	3	0
56	64	3	0
56	65	3	3
56	66	3	3
56	67	3	0
56	68	3	0
56	69	3	3
56	70	3	3
56	71	3	3
56	72	3	3
56	73	3	3
56	74	3	0
56	75	3	3
56	76	3	0
56	77	3	3
56	78	3	3
56	79	3	3
56	80	3	0
56	81	3	0
56	82	3	0
56	83	3	0
56	84	3	0
56	85	3	0
56	86	3	0
56	87	3	0
56	88	3	0
56	89	3	0
56	90	3	0
56	91	3	0
56	92	3	0
56	93	3	3
56	94	3	0
56	95	3	0
57	0	3	0
57	1	3	0
57	2	3	0
57	3	3	0
57	4	3	0
57	5	3	0
57	6	3	0
57	7	3	0
57	8	3	0
57	9	3	0
57	10	3	0
57	11	3	0
57	12	3	0
57	13	3	0
57	14	3	0
57	15	3	0
57	16	3	0
57	17	3	0
57	18	3	0
57	19	3	0
57	20	3	0
57	21	3	0
57	22	3	0
57	23	3	0
57	24	3	0
57	25	3	0
57	26	3	0
57	27	3	0
57	28	3	0
57	29	3	0
57	30	3	0
57	31	3	0
57	32	3	0
57	33	3	0
57	34	3	0
57	35	3	0
57	36	3	0
57	37	3	0
57	38	3	0
57	39	3	0
57	40	3	0
57	41	3	0
57	42	3	0
57	43	3	0
57	44	3	0
57	45	3	0
57	46	3	0
57	47	3	0
57	48	3	0
57	49	3	0
57	50	3	3
57	51	3	3
57	52	3	3
57	53	3	0
57	54	3	3
57	55	3	0
57	56	3	0
57	57	3	3
57	58	3	3
57	59	3	3
57	60	3	0
57	61	3	3
57	62	3	0
57	63	3	3
57	64	3	0
57	65	3	3
57	66	3	0
57	67	3	0
57	68	3	3
57	69	3	3
57	70	3	3
57	71	3	3
57	72	3	3
57	73	3	3
57	74	3	3
57	75	3	0
57	76	3	0
57	77	3	0
57	78	3	0
57	79	3	0
57	80	3	3
57	81	3	3
57	82	3	3
57	83	3	0
57	84	3	3
57	85	3	0
57	86	3	3
57	87	3	0
57	88	3	0
57	89	3	0
57	90	3	0
57	91	3	0
57	92	3	0
57	93	3	0
57	94	3	0
57	95	3	0
58	0	3	0
58	1	3	0
58	2	3	0
58	3	3	3
58	4	3	0
58	5	3	0
58	6	3	0
58	7	3	0
58	8	3	0
58	9	3	0
58	10	3	0
58	11	3	3
58	12	3	0
58	13	3	3
58	14	3	0
58	15	3	0
58	16	3	0
58	17	3	0
58	18	3	0
58	19	3	0
58	20	3	3
58	21	3	3
58	22	3	0
58	23	3	3
58	24	3	3
58	25	3	0
58	26	3	3
58	27	3	0
58	28	3	0
58	29	3	0
58	30	3	0
58	31	3	0
58	32	3	0
58	33	3	0
58	34	3	3
58	35	3	0
58	36	3	3
58	37	3	0
58	38	3	0
58	39	3	0
58	40	3	0
58	41	3	0
58	42	3	0
58	43	3	0
58	44	3	0
58	45	3	0
58	46	3	0
58	47	3	0
58	48	3	0
58	49	3	3
58	50	3	3
58	51	3	3
58	52	3	3
58	53	3	0
58	54	3	3
58	55	3	0
58	56	3	3
58	57	3	3
58	58	3	3
58	59	3	3
58	60	3	3
58	61	3	3
58	62	3	3
58	63	3	3
58	64	3	3
58	65	3	3
58	66	3	3
58	67	3	0
58	68	3	3
58	69	3	3
58	70	3	3
58	71	3	3
58	72	3	3
58	73	3	3
58	74	3	3
58	75	3	3
58	76	3	0
58	77	3	3
58	78	3	3
58	79	3	3
58	80	3	3
58	81	3	3
58	82	3	3
58	83	3	3
58	84	3	3
58	85	3	0
58	86	3	0
58	87	3	0
58	88	3	0
58	89	3	3
58	90	3	3
58	91	3	3
58	92	3	0
58	93	3	3
58	94	3	0
58	95	3	3
59	0	3	3
59	1	3	3
59	2	3	0
59	3	3	3
59	4	3	3
59	5	3	0
59	6	3	0
59	7	3	0
59	8	3	0
59	9	3	0
59	10	3	0
59	11	3	3
59	12	3	0
59	13	3	3
59	14	3	0
59	15	3	3
59	16	3	3
59	17	3	0
59	18	3	0
59	19	3	0
59	20	3	3
59	21	3	3
59	22	3	0
59	23	3	3
59	24	3	3
59	25	3	0
59	26	3	3
59	27	3	0
59	28	3	0
59	29	3	0
59	30	3	0
59	31	3	0
59	32	3	3
59	33	3	0
59	34	3	3
59	35	3	3
59	36	3	3
59	37	3	0
59	38	3	0
59	39	3	0
59	40	3	0
59	41	3	0
59	42	3	0
59	43	3	0
59	44	3	0
59	45	3	0
59	46	3	0
59	47	3	0
59	48	3	3
59	49	3	3
59	50	3	3
59	51	3	3
59	52	3	3
59	53	3	0
59	54	3	3
59	55	3	3
59	56	3	3
59	57	3	3
59	58	3	3
59	59	3	3
59	60	3	0
59	61	3	3
59	62	3	3
59	63	3	3
59	64	3	3
59	65	3	3
59	66	3	3
59	67	3	0
59	68	3	3
59	69	3	3
59	70	3	3
59	71	3	3
59	72	3	3
59	73	3	3
59	74	3	3
59	75	3	3
59	76	3	3
59	77	3	3
59	78	3	3
59	79	3	3
59	80	3	3
59	81	3	3
59	82	3	3
59	83	3	3
59	84	3	3
59	85	3	0
59	86	3	0
59	87	3	0
59	88	3	0
59	89	3	3
59	90	3	3
59	91	3	3
59	92	3	3
59	93	3	3
59	94	3	0
59	95	3	3
60	0	3	0
60	1	3	0
60	2	3	0
60	3	3	3
60	4	3	3
60	5	3	0
60	6	3	0
60	7	3	0
60	8	3	0
60	9	3	0
60	10	3	0
60	11	3	0
60	12	3	3
60	13	3	3
60	14	3	3
60	15	3	3
60	16	3	3
60	17	3	0
60	18	3	0
60	19	3	0
60	20	3	0
60	21	3	0
60	22	3	0
60	23	3	0
60	24	3	0
60	25	3	3
60	26	3	0
60	27	3	3
60	28	3	3
60	29	3	0
60	30	3	3
60	31	3	3
60	32	3	0
60	33	3	0
60	34	3	0
60	35	3	0
60	36	3	0
60	37	3	0
60	38	3	0
60	39	3	0
60	40	3	0
60	41	3	0
60	42	3	0
60	43	3	0
60	44	3	0
60	45	3	0
60	46	3	0
60	47	3	0
60	48	3	0
60	49	3	3
60	50	3	0
60	51	3	3
60	52	3	3
60	53	3	0
60	54	3	0
60	55	3	3
60	56	3	0
60	57	3	0
60	58	3	3
60	59	3	3
60	60	3	3
60	61	3	3
60	62	3	3
60	63	3	3
60	64	3	3
60	65	3	3
60	66	3	3
60	67	3	0
60	68	3	3
60	69	3	3
60	70	3	3
60	71	3	3
60	72	3	3
60	73	3	3
60	74	3	3
60	75	3	3
60	76	3	3
60	77	3	3
60	78	3	3
60	79	3	3
60	80	3	0
60	81	3	0
60	82	3	0
60	83	3	0
60	84	3	0
60	85	3	0
60	86	3	0
60	87	3	0
60	88	3	0
60	89	3	3
60	90	3	3
60	91	3	3
60	92	3	0
60	93	3	3
60	94	3	0
60	95	3	0
61	0	3	3
61	1	3	3
61	2	3	0
61	3	3	3
61	4	3	3
61	5	3	3
61	6	3	0
61	7	3	3
61	8	3	0
61	9	3	0
61	10	3	3
61	11	3	3
61	12	3	0
61	13	3	3
61	14	3	3
61	15	3	3
61	16	3	3
61	17	3	3
61	18	3	3
61	19	3	0
61	20	3	0
61	21	3	3
61	22	3	3
61	23	3	0
61	24	3	0
61	25	3	3
61	26	3	3
61	27	3	3
61	28	3	0
61	29	3	3
61	30	3	3
61	31	3	3
61	32	3	3
61	33	3	0
61	34	3	0
61	35	3	3
61	36	3	0
61	37	3	0
61	38	3	3
61	39	3	3
61	40	3	3
61	41	3	0
61	42	3	0
61	43	3	0
61	44	3	3
61	45	3	0
61	46	3	0
61	47	3	0
61	48	3	3
61	49	3	3
61	50	3	0
61	51	3	3
61	52	3	3
61	53	3	3
61	54	3	3
61	55	3	3
61	56	3	3
61	57	3	3
61	58	3	3
61	59	3	3
61	60	3	3
61	61	3	3
61	62	3	3
61	63	3	3
61	64	3	3
61	65	3	3
61	66	3	3
61	67	3	0
61	68	3	3
61	69	3	3
61	70	3	3
61	71	3	3
61	72	3	3
61	73	3	3
61	74	3	3
61	75	3	3
61	76	3	3
61	77	3	3
61	78	3	3
61	79	3	3
61	80	3	3
61	81	3	3
61	82	3	3
61	83	3	3
61	84	3	3
61	85	3	3
61	86	3	3
61	87	3	3
61	88	3	3
61	89	3	3
61	90	3	3
61	91	3	3
61	92	3	3
61	93	3	3
61	94	3	0
61	95	3	0
62	0	3	3
62	1	3	3
62	2	3	0
62	3	3	3
62	4	3	3
62	5	3	3
62	6	3	0
62	7	3	3
62	8	3	0
62	9	3	0
62	10	3	3
62	11	3	3
62	12	3	0
62	13	3	3
62	14	3	3
62	15	3	3
62	16	3	3
62	17	3	0
62	18	3	3
62	19	3	0
62	20	3	0
62	21	3	3
62	22	3	3
62	23	3	0
62	24	3	0
62	25	3	3
62	26	3	0
62	27	3	3
62	28	3	0
62	29	3	3
62	30	3	0
62	31	3	0
62	32	3	3
62	33	3	0
62	34	3	0
62	35	3	3
62	36	3	0
62	37	3	0
62	38	3	3
62	39	3	3
62	40	3	3
62	41	3	0
62	42	3	0
62	43	3	0
62	44	3	0
62	45	3	0
62	46	3	0
62	47	3	0
62	48	3	0
62	49	3	0
62	50	3	0
62	51	3	3
62	52	3	3
62	53	3	3
62	54	3	0
62	55	3	3
62	56	3	0
62	57	3	0
62	58	3	3
62	59	3	3
62	60	3	3
62	61	3	3
62	62	3	3
62	63	3	3
62	64	3	3
62	65	3	3
62	66	3	3
62	67	3	0
62	68	3	0
62	69	3	3
62	70	3	3
62	71	3	3
62	72	3	3
62	73	3	3
62	74	3	3
62	75	3	3
62	76	3	3
62	77	3	3
62	78	3	3
62	79	3	3
62	80	3	3
62	81	3	3
62	82	3	3
62	83	3	3
62	84	3	3
62	85	3	3
62	86	3	3
62	87	3	3
62	88	3	3
62	89	3	0
62	90	3	3
62	91	3	3
62	92	3	3
62	93	3	3
62	94	3	0
62	95	3	0
63	0	3	0
63	1	3	0
63	2	3	0
63	3	3	3
63	4	3	3
63	5	3	3
63	6	3	0
63	7	3	3
63	8	3	0
63	9	3	0
63	10	3	0
63	11	3	3
63	12	3	0
63	13	3	3
63	14	3	3
63	15	3	3
63	16	3	3
63	17	3	3
63	18	3	3
63	19	3	0
63	20	3	0
63	21	3	0
63	22	3	3
63	23	3	0
63	24	3	0
63	25	3	3
63	26	3	3
63	27	3	0
63	28	3	0
63	29	3	3
63	30	3	0
63	31	3	0
63	32	3	3
63	33	3	0
63	34	3	0
63	35	3	3
63	36	3	0
63	37	3	0
63	38	3	3
63	39	3	3
63	40	3	0
63	41	3	0
63	42	3	0
63	43	3	0
63	44	3	0
63	45	3	0
63	46	3	0
63	47	3	0
63	48	3	3
63	49	3	3
63	50	3	0
63	51	3	3
63	52	3	3
63	53	3	3
63	54	3	0
63	55	3	3
63	56	3	0
63	57	3	3
63	58	3	3
63	59	3	3
63	60	3	0
63	61	3	3
63	62	3	3
63	63	3	3
63	64	3	3
63	65	3	3
63	66	3	3
63	67	3	0
63	68	3	3
63	69	3	3
63	70	3	3
63	71	3	3
63	72	3	0
63	73	3	3
63	74	3	3
63	75	3	3
63	76	3	3
63	77	3	3
63	78	3	3
63	79	3	0
63	80	3	3
63	81	3	3
63	82	3	3
63	83	3	3
63	84	3	3
63	85	3	3
63	86	3	3
63	87	3	3
63	88	3	0
63	89	3	3
63	90	3	3
63	91	3	3
63	92	3	3
63	93	3	3
63	94	3	0
63	95	3	0
64	0	3	0
64	1	3	0
64	2	3	0
64	3	3	3
64	4	3	3
64	5	3	3
64	6	3	0
64	7	3	3
64	8	3	0
64	9	3	0
64	10	3	0
64	11	3	3
64	12	3	0
64	13	3	3
64	14	3	3
64	15	3	3
64	16	3	3
64	17	3	3
64	18	3	3
64	19	3	0
64	20	3	0
64	21	3	0
64	22	3	3
64	23	3	0
64	24	3	0
64	25	3	3
64	26	3	3
64	27	3	0
64	28	3	0
64	29	3	3
64	30	3	0
64	31	3	0
64	32	3	3
64	33	3	0
64	34	3	0
64	35	3	3
64	36	3	0
64	37	3	0
64	38	3	3
64	39	3	3
64	40	3	3
64	41	3	0
64	42	3	0
64	43	3	0
64	44	3	3
64	45	3	0
64	46	3	0
64	47	3	0
64	48	3	0
64	49	3	0
64	50	3	0
64	51	3	3
64	52	3	3
64	53	3	3
64	54	3	3
64	55	3	3
64	56	3	0
64	57	3	3
64	58	3	3
64	59	3	3
64	60	3	3
64	61	3	3
64	62	3	3
64	63	3	3
64	64	3	3
64	65	3	3
64	66	3	3
64	67	3	0
64	68	3	3
64	69	3	3
64	70	3	3
64	71	3	0
64	72	3	3
64	73	3	3
64	74	3	3
64	75	3	3
64	76	3	3
64	77	3	3
64	78	3	3
64	79	3	0
64	80	3	3
64	81	3	3
64	82	3	3
64	83	3	3
64	84	3	3
64	85	3	3
64	86	3	3
64	87	3	3
64	88	3	3
64	89	3	3
64	90	3	3
64	91	3	3
64	92	3	3
64	93	3	3
64	94	3	0
64	95	3	0
65	0	3	0
65	1	3	0
65	2	3	0
65	3	3	3
65	4	3	3
65	5	3	0
65	6	3	0
65	7	3	3
65	8	3	0
65	9	3	0
65	10	3	0
65	11	3	3
65	12	3	0
65	13	3	3
65	14	3	3
65	15	3	3
65	16	3	3
65	17	3	3
65	18	3	3
65	19	3	0
65	20	3	3
65	21	3	3
65	22	3	3
65	23	3	3
65	24	3	3
65	25	3	3
65	26	3	3
65	27	3	3
65	28	3	3
65	29	3	3
65	30	3	0
65	31	3	0
65	32	3	0
65	33	3	0
65	34	3	3
65	35	3	0
65	36	3	3
65	37	3	0
65	38	3	0
65	39	3	0
65	40	3	0
65	41	3	0
65	42	3	0
65	43	3	0
65	44	3	0
65	45	3	0
65	46	3	0
65	47	3	0
65	48	3	3
65	49	3	3
65	50	3	3
65	51	3	3
65	52	3	3
65	53	3	3
65	54	3	3
65	55	3	3
65	56	3	3
65	57	3	0
65	58	3	3
65	59	3	3
65	60	3	0
65	61	3	3
65	62	3	3
65	63	3	3
65	64	3	3
65	65	3	3
65	66	3	3
65	67	3	0
65	68	3	3
65	69	3	3
65	70	3	3
65	71	3	3
65	72	3	3
65	73	3	3
65	74	3	3
65	75	3	3
65	76	3	3
65	77	3	3
65	78	3	3
65	79	3	3
65	80	3	3
65	81	3	3
65	82	3	3
65	83	3	3
65	84	3	3
65	85	3	0
65	86	3	3
65	87	3	3
65	88	3	0
65	89	3	3
65	90	3	3
65	91	3	3
65	92	3	3
65	93	3	3
65	94	3	0
65	95	3	3
66	0	3	0
66	1	3	0
66	2	3	0
66	3	3	3
66	4	3	3
66	5	3	0
66	6	3	0
66	7	3	3
66	8	3	0
66	9	3	0
66	10	3	0
66	11	3	3
66	12	3	0
66	13	3	3
66	14	3	3
66	15	3	3
66	16	3	3
66	17	3	3
66	18	3	3
66	19	3	0
66	20	3	3
66	21	3	3
66	22	3	3
66	23	3	3
66	24	3	3
66	25	3	3
66	26	3	3
66	27	3	3
66	28	3	3
66	29	3	3
66	30	3	0
66	31	3	0
66	32	3	0
66	33	3	0
66	34	3	3
66	35	3	0
66	36	3	3
66	37	3	0
66	38	3	0
66	39	3	0
66	40	3	0
66	41	3	0
66	42	3	0
66	43	3	0
66	44	3	0
66	45	3	0
66	46	3	0
66	47	3	0
66	48	3	3
66	49	3	3
66	50	3	3
66	51	3	3
66	52	3	3
66	53	3	3
66	54	3	3
66	55	3	3
66	56	3	3
66	57	3	0
66	58	3	3
66	59	3	3
66	60	3	3
66	61	3	3
66	62	3	3
66	63	3	3
66	64	3	3
66	65	3	3
66	66	3	3
66	67	3	3
66	68	3	3
66	69	3	3
66	70	3	3
66	71	3	3
66	72	3	3
66	73	3	3
66	74	3	3
66	75	3	3
66	76	3	3
66	77	3	3
66	78	3	3
66	79	3	0
66	80	3	3
66	81	3	3
66	82	3	3
66	83	3	3
66	84	3	3
66	85	3	0
66	86	3	3
66	87	3	3
66	88	3	0
66	89	3	3
66	90	3	3
66	91	3	3
66	92	3	3
66	93	3	3
66	94	3	0
66	95	3	3
67	0	3	0
67	1	3	0
67	2	3	0
67	3	3	0
67	4	3	0
67	5	3	0
67	6	3	0
67	7	3	0
67	8	3	0
67	9	3	0
67	10	3	0
67	11	3	0
67	12	3	0
67	13	3	0
67	14	3	0
67	15	3	0
67	16	3	0
67	17	3	0
67	18	3	0
67	19	3	0
67	20	3	0
67	21	3	0
67	22	3	0
67	23	3	0
67	24	3	0
67	25	3	3
67	26	3	0
67	27	3	3
67	28	3	3
67	29	3	0
67	30	3	0
67	31	3	0
67	32	3	0
67	33	3	0
67	34	3	0
67	35	3	0
67	36	3	0
67	37	3	0
67	38	3	0
67	39	3	0
67	40	3	0
67	41	3	0
67	42	3	0
67	43	3	0
67	44	3	0
67	45	3	0
67	46	3	0
67	47	3	0
67	48	3	0
67	49	3	0
67	50	3	0
67	51	3	3
67	52	3	3
67	53	3	0
67	54	3	3
67	55	3	0
67	56	3	0
67	57	3	0
67	58	3	0
67	59	3	0
67	60	3	0
67	61	3	0
67	62	3	0
67	63	3	0
67	64	3	0
67	65	3	3
67	66	3	3
67	67	3	0
67	68	3	3
67	69	3	3
67	70	3	3
67	71	3	3
67	72	3	3
67	73	3	3
67	74	3	3
67	75	3	3
67	76	3	3
67	77	3	0
67	78	3	0
67	79	3	0
67	80	3	0
67	81	3	0
67	82	3	3
67	83	3	3
67	84	3	3
67	85	3	0
67	86	3	0
67	87	3	0
67	88	3	0
67	89	3	0
67	90	3	0
67	91	3	0
67	92	3	0
67	93	3	0
67	94	3	0
67	95	3	0
68	0	3	0
68	1	3	0
68	2	3	0
68	3	3	3
68	4	3	0
68	5	3	0
68	6	3	0
68	7	3	0
68	8	3	0
68	9	3	0
68	10	3	0
68	11	3	3
68	12	3	3
68	13	3	3
68	14	3	0
68	15	3	0
68	16	3	0
68	17	3	3
68	18	3	3
68	19	3	0
68	20	3	3
68	21	3	3
68	22	3	0
68	23	3	3
68	24	3	3
68	25	3	3
68	26	3	3
68	27	3	3
68	28	3	3
68	29	3	3
68	30	3	0
68	31	3	0
68	32	3	0
68	33	3	0
68	34	3	3
68	35	3	0
68	36	3	3
68	37	3	0
68	38	3	0
68	39	3	0
68	40	3	0
68	41	3	0
68	42	3	0
68	43	3	0
68	44	3	0
68	45	3	0
68	46	3	0
68	47	3	0
68	48	3	0
68	49	3	0
68	50	3	3
68	51	3	3
68	52	3	3
68	53	3	0
68	54	3	3
68	55	3	0
68	56	3	3
68	57	3	0
68	58	3	3
68	59	3	3
68	60	3	3
68	61	3	3
68	62	3	0
68	63	3	3
68	64	3	3
68	65	3	3
68	66	3	3
68	67	3	0
68	68	3	3
68	69	3	3
68	70	3	3
68	71	3	3
68	72	3	3
68	73	3	3
68	74	3	3
68	75	3	3
68	76	3	3
68	77	3	3
68	78	3	3
68	79	3	3
68	80	3	3
68	81	3	3
68	82	3	3
68	83	3	3
68	84	3	3
68	85	3	0
68	86	3	0
68	87	3	3
68	88	3	0
68	89	3	3
68	90	3	0
68	91	3	3
68	92	3	3
68	93	3	3
68	94	3	0
68	95	3	3
69	0	3	0
69	1	3	0
69	2	3	0
69	3	3	3
69	4	3	0
69	5	3	0
69	6	3	0
69	7	3	0
69	8	3	0
69	9	3	0
69	10	3	0
69	11	3	3
69	12	3	0
69	13	3	3
69	14	3	0
69	15	3	0
69	16	3	0
69	17	3	3
69	18	3	3
69	19	3	0
69	20	3	3
69	21	3	3
69	22	3	0
69	23	3	3
69	24	3	3
69	25	3	3
69	26	3	3
69	27	3	3
69	28	3	3
69	29	3	0
69	30	3	0
69	31	3	0
69	32	3	3
69	33	3	0
69	34	3	3
69	35	3	3
69	36	3	3
69	37	3	0
69	38	3	0
69	39	3	0
69	40	3	0
69	41	3	0
69	42	3	0
69	43	3	0
69	44	3	0
69	45	3	0
69	46	3	0
69	47	3	0
69	48	3	3
69	49	3	3
69	50	3	3
69	51	3	3
69	52	3	3
69	53	3	0
69	54	3	3
69	55	3	0
69	56	3	3
69	57	3	3
69	58	3	3
69	59	3	3
69	60	3	3
69	61	3	3
69	62	3	3
69	63	3	3
69	64	3	3
69	65	3	3
69	66	3	3
69	67	3	3
69	68	3	3
69	69	3	3
69	70	3	3
69	71	3	3
69	72	3	3
69	73	3	3
69	74	3	3
69	75	3	3
69	76	3	0
69	77	3	3
69	78	3	3
69	79	3	3
69	80	3	3
69	81	3	3
69	82	3	3
69	83	3	3
69	84	3	3
69	85	3	0
69	86	3	0
69	87	3	0
69	88	3	0
69	89	3	3
69	90	3	0
69	91	3	3
69	92	3	0
69	93	3	3
69	94	3	0
69	95	3	3
70	0	3	0
70	1	3	0
70	2	3	0
70	3	3	3
70	4	3	3
70	5	3	0
70	6	3	0
70	7	3	0
70	8	3	0
70	9	3	0
70	10	3	0
70	11	3	0
70	12	3	0
70	13	3	3
70	14	3	3
70	15	3	3
70	16	3	3
70	17	3	3
70	18	3	3
70	19	3	0
70	20	3	0
70	21	3	0
70	22	3	0
70	23	3	0
70	24	3	0
70	25	3	3
70	26	3	0
70	27	3	3
70	28	3	3
70	29	3	0
70	30	3	0
70	31	3	0
70	32	3	0
70	33	3	0
70	34	3	0
70	35	3	0
70	36	3	0
70	37	3	0
70	38	3	0
70	39	3	0
70	40	3	0
70	41	3	0
70	42	3	0
70	43	3	0
70	44	3	0
70	45	3	0
70	46	3	0
70	47	3	0
70	48	3	3
70	49	3	3
70	50	3	3
70	51	3	3
70	52	3	3
70	53	3	0
70	54	3	3
70	55	3	3
70	56	3	3
70	57	3	0
70	58	3	3
70	59	3	3
70	60	3	0
70	61	3	3
70	62	3	3
70	63	3	3
70	64	3	3
70	65	3	3
70	66	3	3
70	67	3	0
70	68	3	3
70	69	3	3
70	70	3	3
70	71	3	3
70	72	3	3
70	73	3	3
70	74	3	3
70	75	3	3
70	76	3	3
70	77	3	3
70	78	3	0
70	79	3	0
70	80	3	3
70	81	3	3
70	82	3	3
70	83	3	3
70	84	3	3
70	85	3	0
70	86	3	3
70	87	3	3
70	88	3	3
70	89	3	3
70	90	3	3
70	91	3	3
70	92	3	3
70	93	3	3
70	94	3	0
70	95	3	3
71	0	3	0
71	1	3	0
71	2	3	0
71	3	3	3
71	4	3	0
71	5	3	0
71	6	3	0
71	7	3	0
71	8	3	0
71	9	3	0
71	10	3	0
71	11	3	3
71	12	3	0
71	13	3	0
71	14	3	0
71	15	3	0
71	16	3	0
71	17	3	3
71	18	3	3
71	19	3	0
71	20	3	3
71	21	3	3
71	22	3	0
71	23	3	3
71	24	3	3
71	25	3	3
71	26	3	3
71	27	3	3
71	28	3	3
71	29	3	0
71	30	3	0
71	31	3	0
71	32	3	0
71	33	3	0
71	34	3	3
71	35	3	0
71	36	3	3
71	37	3	0
71	38	3	0
71	39	3	0
71	40	3	0
71	41	3	0
71	42	3	0
71	43	3	0
71	44	3	0
71	45	3	0
71	46	3	0
71	47	3	0
71	48	3	3
71	49	3	3
71	50	3	3
71	51	3	3
71	52	3	3
71	53	3	0
71	54	3	3
71	55	3	0
71	56	3	3
71	57	3	3
71	58	3	3
71	59	3	3
71	60	3	3
71	61	3	3
71	62	3	3
71	63	3	3
71	64	3	0
71	65	3	3
71	66	3	3
71	67	3	0
71	68	3	3
71	69	3	3
71	70	3	3
71	71	3	3
71	72	3	3
71	73	3	3
71	74	3	3
71	75	3	3
71	76	3	0
71	77	3	3
71	78	3	0
71	79	3	0
71	80	3	3
71	81	3	3
71	82	3	3
71	83	3	3
71	84	3	3
71	85	3	0
71	86	3	0
71	87	3	0
71	88	3	0
71	89	3	3
71	90	3	3
71	91	3	3
71	92	3	3
71	93	3	3
71	94	3	0
71	95	3	3
72	0	3	0
72	1	3	0
72	2	3	0
72	3	3	3
72	4	3	0
72	5	3	0
72	6	3	0
72	7	3	0
72	8	3	0
72	9	3	0
72	10	3	0
72	11	3	3
72	12	3	0
72	13	3	0
72	14	3	0
72	15	3	0
72	16	3	0
72	17	3	3
72	18	3	3
72	19	3	0
72	20	3	3
72	21	3	3
72	22	3	0
72	23	3	3
72	24	3	3
72	25	3	3
72	26	3	3
72	27	3	3
72	28	3	3
72	29	3	0
72	30	3	0
72	31	3	0
72	32	3	0
72	33	3	0
72	34	3	3
72	35	3	0
72	36	3	3
72	37	3	0
72	38	3	0
72	39	3	0
72	40	3	0
72	41	3	0
72	42	3	0
72	43	3	0
72	44	3	0
72	45	3	0
72	46	3	0
72	47	3	0
72	48	3	3
72	49	3	3
72	50	3	3
72	51	3	3
72	52	3	3
72	53	3	0
72	54	3	3
72	55	3	3
72	56	3	3
72	57	3	3
72	58	3	3
72	59	3	3
72	60	3	3
72	61	3	3
72	62	3	3
72	63	3	3
72	64	3	0
72	65	3	3
72	66	3	3
72	67	3	0
72	68	3	3
72	69	3	3
72	70	3	3
72	71	3	3
72	72	3	3
72	73	3	3
72	74	3	3
72	75	3	3
72	76	3	3
72	77	3	3
72	78	3	0
72	79	3	0
72	80	3	3
72	81	3	3
72	82	3	3
72	83	3	3
72	84	3	3
72	85	3	0
72	86	3	0
72	87	3	3
72	88	3	0
72	89	3	3
72	90	3	0
72	91	3	3
72	92	3	3
72	93	3	3
72	94	3	0
72	95	3	3
73	0	3	0
73	1	3	0
73	2	3	0
73	3	3	3
73	4	3	3
73	5	3	0
73	6	3	0
73	7	3	3
73	8	3	0
73	9	3	0
73	10	3	0
73	11	3	3
73	12	3	3
73	13	3	3
73	14	3	3
73	15	3	3
73	16	3	3
73	17	3	3
73	18	3	3
73	19	3	0
73	20	3	3
73	21	3	3
73	22	3	3
73	23	3	3
73	24	3	3
73	25	3	3
73	26	3	3
73	27	3	3
73	28	3	3
73	29	3	3
73	30	3	0
73	31	3	0
73	32	3	0
73	33	3	0
73	34	3	3
73	35	3	0
73	36	3	3
73	37	3	0
73	38	3	0
73	39	3	0
73	40	3	0
73	41	3	0
73	42	3	0
73	43	3	0
73	44	3	0
73	45	3	0
73	46	3	0
73	47	3	0
73	48	3	3
73	49	3	3
73	50	3	3
73	51	3	3
73	52	3	3
73	53	3	0
73	54	3	3
73	55	3	3
73	56	3	3
73	57	3	0
73	58	3	3
73	59	3	3
73	60	3	3
73	61	3	3
73	62	3	3
73	63	3	3
73	64	3	3
73	65	3	3
73	66	3	3
73	67	3	0
73	68	3	3
73	69	3	3
73	70	3	3
73	71	3	3
73	72	3	3
73	73	3	3
73	74	3	3
73	75	3	3
73	76	3	3
73	77	3	3
73	78	3	3
73	79	3	3
73	80	3	3
73	81	3	3
73	82	3	3
73	83	3	3
73	84	3	3
73	85	3	0
73	86	3	3
73	87	3	3
73	88	3	3
73	89	3	3
73	90	3	3
73	91	3	3
73	92	3	3
73	93	3	3
73	94	3	0
73	95	3	3
74	0	3	0
74	1	3	0
74	2	3	0
74	3	3	0
74	4	3	3
74	5	3	0
74	6	3	0
74	7	3	0
74	8	3	0
74	9	3	0
74	10	3	0
74	11	3	3
74	12	3	3
74	13	3	3
74	14	3	3
74	15	3	3
74	16	3	3
74	17	3	0
74	18	3	0
74	19	3	0
74	20	3	3
74	21	3	3
74	22	3	0
74	23	3	3
74	24	3	3
74	25	3	3
74	26	3	3
74	27	3	3
74	28	3	3
74	29	3	3
74	30	3	0
74	31	3	0
74	32	3	0
74	33	3	0
74	34	3	3
74	35	3	0
74	36	3	3
74	37	3	0
74	38	3	0
74	39	3	0
74	40	3	0
74	41	3	0
74	42	3	0
74	43	3	0
74	44	3	0
74	45	3	0
74	46	3	0
74	47	3	0
74	48	3	3
74	49	3	3
74	50	3	3
74	51	3	3
74	52	3	3
74	53	3	0
74	54	3	3
74	55	3	3
74	56	3	3
74	57	3	3
74	58	3	3
74	59	3	3
74	60	3	3
74	61	3	3
74	62	3	3
74	63	3	3
74	64	3	3
74	65	3	3
74	66	3	3
74	67	3	0
74	68	3	3
74	69	3	3
74	70	3	3
74	71	3	3
74	72	3	3
74	73	3	3
74	74	3	3
74	75	3	3
74	76	3	3
74	77	3	3
74	78	3	0
74	79	3	3
74	80	3	3
74	81	3	3
74	82	3	3
74	83	3	3
74	84	3	3
74	85	3	3
74	86	3	3
74	87	3	3
74	88	3	3
74	89	3	3
74	90	3	3
74	91	3	3
74	92	3	3
74	93	3	3
74	94	3	0
74	95	3	0
75	0	3	0
75	1	3	0
75	2	3	0
75	3	3	3
75	4	3	3
75	5	3	0
75	6	3	0
75	7	3	3
75	8	3	0
75	9	3	0
75	10	3	0
75	11	3	0
75	12	3	3
75	13	3	3
75	14	3	3
75	15	3	0
75	16	3	0
75	17	3	3
75	18	3	3
75	19	3	0
75	20	3	0
75	21	3	0
75	22	3	3
75	23	3	0
75	24	3	3
75	25	3	3
75	26	3	0
75	27	3	3
75	28	3	3
75	29	3	3
75	30	3	0
75	31	3	0
75	32	3	0
75	33	3	0
75	34	3	0
75	35	3	0
75	36	3	0
75	37	3	0
75	38	3	0
75	39	3	0
75	40	3	0
75	41	3	0
75	42	3	0
75	43	3	0
75	44	3	0
75	45	3	0
75	46	3	0
75	47	3	0
75	48	3	0
75	49	3	3
75	50	3	0
75	51	3	3
75	52	3	3
75	53	3	0
75	54	3	3
75	55	3	3
75	56	3	3
75	57	3	0
75	58	3	3
75	59	3	3
75	60	3	3
75	61	3	3
75	62	3	3
75	63	3	3
75	64	3	3
75	65	3	3
75	66	3	3
75	67	3	0
75	68	3	3
75	69	3	3
75	70	3	3
75	71	3	3
75	72	3	3
75	73	3	3
75	74	3	3
75	75	3	3
75	76	3	3
75	77	3	3
75	78	3	3
75	79	3	3
75	80	3	3
75	81	3	3
75	82	3	3
75	83	3	3
75	84	3	3
75	85	3	0
75	86	3	3
75	87	3	3
75	88	3	0
75	89	3	3
75	90	3	3
75	91	3	3
75	92	3	3
75	93	3	3
75	94	3	0
75	95	3	3
76	0	3	0
76	1	3	0
76	2	3	0
76	3	3	3
76	4	3	3
76	5	3	0
76	6	3	0
76	7	3	3
76	8	3	0
76	9	3	0
76	10	3	0
76	11	3	0
76	12	3	3
76	13	3	0
76	14	3	0
76	15	3	0
76	16	3	0
76	17	3	3
76	18	3	3
76	19	3	0
76	20	3	0
76	21	3	0
76	22	3	3
76	23	3	0
76	24	3	3
76	25	3	3
76	26	3	0
76	27	3	3
76	28	3	3
76	29	3	3
76	30	3	0
76	31	3	0
76	32	3	0
76	33	3	0
76	34	3	0
76	35	3	0
76	36	3	0
76	37	3	0
76	38	3	0
76	39	3	0
76	40	3	0
76	41	3	0
76	42	3	0
76	43	3	0
76	44	3	0
76	45	3	0
76	46	3	0
76	47	3	0
76	48	3	0
76	49	3	0
76	50	3	0
76	51	3	3
76	52	3	3
76	53	3	0
76	54	3	0
76	55	3	3
76	56	3	0
76	57	3	0
76	58	3	0
76	59	3	0
76	60	3	3
76	61	3	3
76	62	3	3
76	63	3	3
76	64	3	3
76	65	3	3
76	66	3	3
76	67	3	0
76	68	3	3
76	69	3	0
76	70	3	3
76	71	3	0
76	72	3	3
76	73	3	3
76	74	3	3
76	75	3	3
76	76	3	3
76	77	3	3
76	78	3	3
76	79	3	3
76	80	3	0
76	81	3	0
76	82	3	0
76	83	3	0
76	84	3	0
76	85	3	0
76	86	3	3
76	87	3	3
76	88	3	0
76	89	3	0
76	90	3	3
76	91	3	3
76	92	3	3
76	93	3	3
76	94	3	0
76	95	3	0
77	0	3	0
77	1	3	0
77	2	3	0
77	3	3	0
77	4	3	3
77	5	3	0
77	6	3	0
77	7	3	0
77	8	3	0
77	9	3	0
77	10	3	0
77	11	3	0
77	12	3	0
77	13	3	3
77	14	3	3
77	15	3	3
77	16	3	3
77	17	3	3
77	18	3	3
77	19	3	0
77	20	3	0
77	21	3	0
77	22	3	0
77	23	3	0
77	24	3	0
77	25	3	3
77	26	3	0
77	27	3	3
77	28	3	3
77	29	3	3
77	30	3	0
77	31	3	0
77	32	3	0
77	33	3	0
77	34	3	0
77	35	3	0
77	36	3	0
77	37	3	0
77	38	3	0
77	39	3	0
77	40	3	0
77	41	3	0
77	42	3	0
77	43	3	0
77	44	3	0
77	45	3	0
77	46	3	0
77	47	3	0
77	48	3	3
77	49	3	3
77	50	3	3
77	51	3	3
77	52	3	3
77	53	3	0
77	54	3	3
77	55	3	3
77	56	3	3
77	57	3	0
77	58	3	3
77	59	3	3
77	60	3	3
77	61	3	3
77	62	3	3
77	63	3	3
77	64	3	3
77	65	3	3
77	66	3	3
77	67	3	0
77	68	3	3
77	69	3	3
77	70	3	3
77	71	3	3
77	72	3	3
77	73	3	3
77	74	3	3
77	75	3	3
77	76	3	3
77	77	3	3
77	78	3	3
77	79	3	3
77	80	3	3
77	81	3	3
77	82	3	3
77	83	3	3
77	84	3	3
77	85	3	0
77	86	3	3
77	87	3	3
77	88	3	0
77	89	3	3
77	90	3	3
77	91	3	3
77	92	3	3
77	93	3	3
77	94	3	0
77	95	3	3
78	0	3	0
78	1	3	0
78	2	3	0
78	3	3	0
78	4	3	0
78	5	3	0
78	6	3	0
78	7	3	0
78	8	3	0
78	9	3	0
78	10	3	0
78	11	3	0
78	12	3	3
78	13	3	3
78	14	3	0
78	15	3	0
78	16	3	0
78	17	3	0
78	18	3	0
78	19	3	0
78	20	3	0
78	21	3	0
78	22	3	0
78	23	3	0
78	24	3	0
78	25	3	0
78	26	3	0
78	27	3	0
78	28	3	0
78	29	3	0
78	30	3	3
78	31	3	3
78	32	3	0
78	33	3	0
78	34	3	0
78	35	3	0
78	36	3	0
78	37	3	0
78	38	3	0
78	39	3	0
78	40	3	0
78	41	3	0
78	42	3	0
78	43	3	0
78	44	3	0
78	45	3	0
78	46	3	0
78	47	3	0
78	48	3	0
78	49	3	3
78	50	3	0
78	51	3	0
78	52	3	3
78	53	3	0
78	54	3	0
78	55	3	3
78	56	3	3
78	57	3	0
78	58	3	3
78	59	3	3
78	60	3	3
78	61	3	3
78	62	3	3
78	63	3	3
78	64	3	3
78	65	3	3
78	66	3	3
78	67	3	0
78	68	3	0
78	69	3	3
78	70	3	3
78	71	3	3
78	72	3	3
78	73	3	3
78	74	3	3
78	75	3	3
78	76	3	3
78	77	3	3
78	78	3	3
78	79	3	3
78	80	3	0
78	81	3	0
78	82	3	0
78	83	3	0
78	84	3	0
78	85	3	0
78	86	3	0
78	87	3	0
78	88	3	0
78	89	3	0
78	90	3	0
78	91	3	3
78	92	3	0
78	93	3	0
78	94	3	0
78	95	3	0
79	0	3	3
79	1	3	3
79	2	3	0
79	3	3	0
79	4	3	0
79	5	3	0
79	6	3	0
79	7	3	0
79	8	3	0
79	9	3	0
79	10	3	0
79	11	3	3
79	12	3	0
79	13	3	3
79	14	3	0
79	15	3	0
79	16	3	0
79	17	3	0
79	18	3	0
79	19	3	0
79	20	3	0
79	21	3	0
79	22	3	0
79	23	3	0
79	24	3	0
79	25	3	0
79	26	3	0
79	27	3	0
79	28	3	0
79	29	3	0
79	30	3	3
79	31	3	3
79	32	3	0
79	33	3	0
79	34	3	0
79	35	3	3
79	36	3	0
79	37	3	0
79	38	3	0
79	39	3	0
79	40	3	0
79	41	3	0
79	42	3	0
79	43	3	0
79	44	3	0
79	45	3	0
79	46	3	0
79	47	3	0
79	48	3	0
79	49	3	3
79	50	3	0
79	51	3	3
79	52	3	3
79	53	3	0
79	54	3	0
79	55	3	3
79	56	3	3
79	57	3	0
79	58	3	3
79	59	3	3
79	60	3	3
79	61	3	3
79	62	3	3
79	63	3	3
79	64	3	3
79	65	3	3
79	66	3	3
79	67	3	0
79	68	3	0
79	69	3	3
79	70	3	3
79	71	3	3
79	72	3	3
79	73	3	3
79	74	3	3
79	75	3	3
79	76	3	3
79	77	3	3
79	78	3	3
79	79	3	3
79	80	3	3
79	81	3	3
79	82	3	3
79	83	3	3
79	84	3	3
79	85	3	0
79	86	3	0
79	87	3	0
79	88	3	0
79	89	3	0
79	90	3	3
79	91	3	3
79	92	3	3
79	93	3	3
79	94	3	0
79	95	3	0
80	0	3	3
80	1	3	3
80	2	3	0
80	3	3	0
80	4	3	3
80	5	3	0
80	6	3	0
80	7	3	0
80	8	3	0
80	9	3	0
80	10	3	0
80	11	3	3
80	12	3	0
80	13	3	3
80	14	3	3
80	15	3	3
80	16	3	3
80	17	3	0
80	18	3	0
80	19	3	0
80	20	3	0
80	21	3	0
80	22	3	0
80	23	3	0
80	24	3	0
80	25	3	0
80	26	3	0
80	27	3	0
80	28	3	0
80	29	3	0
80	30	3	0
80	31	3	0
80	32	3	3
80	33	3	0
80	34	3	3
80	35	3	3
80	36	3	3
80	37	3	0
80	38	3	0
80	39	3	3
80	40	3	0
80	41	3	0
80	42	3	0
80	43	3	0
80	44	3	0
80	45	3	0
80	46	3	0
80	47	3	0
80	48	3	3
80	49	3	3
80	50	3	3
80	51	3	3
80	52	3	3
80	53	3	3
80	54	3	3
80	55	3	3
80	56	3	0
80	57	3	3
80	58	3	3
80	59	3	3
80	60	3	0
80	61	3	3
80	62	3	3
80	63	3	3
80	64	3	3
80	65	3	3
80	66	3	3
80	67	3	0
80	68	3	3
80	69	3	3
80	70	3	3
80	71	3	3
80	72	3	3
80	73	3	3
80	74	3	3
80	75	3	0
80	76	3	0
80	77	3	3
80	78	3	0
80	79	3	3
80	80	3	3
80	81	3	3
80	82	3	3
80	83	3	3
80	84	3	3
80	85	3	3
80	86	3	3
80	87	3	3
80	88	3	3
80	89	3	3
80	90	3	3
80	91	3	3
80	92	3	3
80	93	3	3
80	94	3	0
80	95	3	0
81	0	3	0
81	1	3	0
81	2	3	0
81	3	3	0
81	4	3	0
81	5	3	0
81	6	3	0
81	7	3	0
81	8	3	0
81	9	3	0
81	10	3	0
81	11	3	0
81	12	3	0
81	13	3	0
81	14	3	0
81	15	3	0
81	16	3	0
81	17	3	0
81	18	3	0
81	19	3	0
81	20	3	0
81	21	3	0
81	22	3	0
81	23	3	0
81	24	3	0
81	25	3	0
81	26	3	0
81	27	3	0
81	28	3	0
81	29	3	0
81	30	3	0
81	31	3	0
81	32	3	0
81	33	3	0
81	34	3	0
81	35	3	0
81	36	3	0
81	37	3	0
81	38	3	0
81	39	3	0
81	40	3	0
81	41	3	0
81	42	3	0
81	43	3	0
81	44	3	0
81	45	3	0
81	46	3	0
81	47	3	0
81	48	3	0
81	49	3	0
81	50	3	3
81	51	3	3
81	52	3	3
81	53	3	0
81	54	3	3
81	55	3	3
81	56	3	0
81	57	3	3
81	58	3	3
81	59	3	3
81	60	3	0
81	61	3	3
81	62	3	3
81	63	3	3
81	64	3	3
81	65	3	3
81	66	3	3
81	67	3	0
81	68	3	3
81	69	3	3
81	70	3	3
81	71	3	3
81	72	3	3
81	73	3	3
81	74	3	3
81	75	3	0
81	76	3	0
81	77	3	3
81	78	3	0
81	79	3	0
81	80	3	3
81	81	3	3
81	82	3	3
81	83	3	3
81	84	3	3
81	85	3	3
81	86	3	3
81	87	3	3
81	88	3	3
81	89	3	3
81	90	3	3
81	91	3	0
81	92	3	3
81	93	3	0
81	94	3	0
81	95	3	0
82	0	3	0
82	1	3	0
82	2	3	0
82	3	3	0
82	4	3	0
82	5	3	0
82	6	3	0
82	7	3	0
82	8	3	0
82	9	3	0
82	10	3	0
82	11	3	3
82	12	3	0
82	13	3	0
82	14	3	0
82	15	3	0
82	16	3	0
82	17	3	0
82	18	3	0
82	19	3	0
82	20	3	3
82	21	3	3
82	22	3	0
82	23	3	3
82	24	3	3
82	25	3	0
82	26	3	3
82	27	3	0
82	28	3	0
82	29	3	0
82	30	3	0
82	31	3	0
82	32	3	3
82	33	3	0
82	34	3	3
82	35	3	3
82	36	3	3
82	37	3	0
82	38	3	0
82	39	3	0
82	40	3	0
82	41	3	0
82	42	3	0
82	43	3	0
82	44	3	0
82	45	3	0
82	46	3	0
82	47	3	0
82	48	3	3
82	49	3	3
82	50	3	3
82	51	3	3
82	52	3	3
82	53	3	0
82	54	3	3
82	55	3	3
82	56	3	0
82	57	3	3
82	58	3	3
82	59	3	3
82	60	3	0
82	61	3	3
82	62	3	3
82	63	3	3
82	64	3	3
82	65	3	3
82	66	3	3
82	67	3	3
82	68	3	3
82	69	3	3
82	70	3	3
82	71	3	3
82	72	3	3
82	73	3	3
82	74	3	3
82	75	3	0
82	76	3	0
82	77	3	3
82	78	3	0
82	79	3	0
82	80	3	3
82	81	3	3
82	82	3	3
82	83	3	3
82	84	3	3
82	85	3	3
82	86	3	3
82	87	3	3
82	88	3	3
82	89	3	3
82	90	3	3
82	91	3	0
82	92	3	3
82	93	3	0
82	94	3	0
82	95	3	0
83	0	3	3
83	1	3	3
83	2	3	0
83	3	3	0
83	4	3	3
83	5	3	0
83	6	3	0
83	7	3	0
83	8	3	0
83	9	3	0
83	10	3	0
83	11	3	3
83	12	3	0
83	13	3	3
83	14	3	3
83	15	3	3
83	16	3	3
83	17	3	0
83	18	3	0
83	19	3	0
83	20	3	0
83	21	3	0
83	22	3	0
83	23	3	0
83	24	3	0
83	25	3	0
83	26	3	0
83	27	3	0
83	28	3	0
83	29	3	0
83	30	3	0
83	31	3	0
83	32	3	3
83	33	3	0
83	34	3	3
83	35	3	3
83	36	3	3
83	37	3	0
83	38	3	0
83	39	3	3
83	40	3	0
83	41	3	0
83	42	3	0
83	43	3	0
83	44	3	0
83	45	3	0
83	46	3	0
83	47	3	0
83	48	3	3
83	49	3	3
83	50	3	3
83	51	3	3
83	52	3	3
83	53	3	3
83	54	3	3
83	55	3	3
83	56	3	0
83	57	3	0
83	58	3	3
83	59	3	3
83	60	3	0
83	61	3	3
83	62	3	3
83	63	3	3
83	64	3	3
83	65	3	3
83	66	3	3
83	67	3	0
83	68	3	3
83	69	3	3
83	70	3	3
83	71	3	3
83	72	3	3
83	73	3	3
83	74	3	3
83	75	3	3
83	76	3	3
83	77	3	3
83	78	3	0
83	79	3	3
83	80	3	3
83	81	3	3
83	82	3	3
83	83	3	3
83	84	3	3
83	85	3	3
83	86	3	3
83	87	3	3
83	88	3	3
83	89	3	3
83	90	3	3
83	91	3	3
83	92	3	3
83	93	3	3
83	94	3	0
83	95	3	0
84	0	3	0
84	1	3	0
84	2	3	0
84	3	3	0
84	4	3	0
84	5	3	0
84	6	3	0
84	7	3	0
84	8	3	0
84	9	3	0
84	10	3	0
84	11	3	3
84	12	3	0
84	13	3	0
84	14	3	0
84	15	3	0
84	16	3	0
84	17	3	0
84	18	3	0
84	19	3	0
84	20	3	3
84	21	3	3
84	22	3	0
84	23	3	3
84	24	3	3
84	25	3	0
84	26	3	3
84	27	3	0
84	28	3	0
84	29	3	0
84	30	3	0
84	31	3	0
84	32	3	3
84	33	3	0
84	34	3	3
84	35	3	3
84	36	3	3
84	37	3	0
84	38	3	0
84	39	3	0
84	40	3	0
84	41	3	0
84	42	3	0
84	43	3	0
84	44	3	0
84	45	3	0
84	46	3	0
84	47	3	0
84	48	3	3
84	49	3	3
84	50	3	3
84	51	3	3
84	52	3	3
84	53	3	0
84	54	3	3
84	55	3	0
84	56	3	0
84	57	3	3
84	58	3	3
84	59	3	3
84	60	3	0
84	61	3	3
84	62	3	3
84	63	3	3
84	64	3	3
84	65	3	3
84	66	3	3
84	67	3	3
84	68	3	3
84	69	3	3
84	70	3	3
84	71	3	3
84	72	3	3
84	73	3	3
84	74	3	3
84	75	3	0
84	76	3	0
84	77	3	3
84	78	3	0
84	79	3	3
84	80	3	3
84	81	3	3
84	82	3	3
84	83	3	3
84	84	3	3
84	85	3	3
84	86	3	3
84	87	3	3
84	88	3	3
84	89	3	3
84	90	3	3
84	91	3	0
84	92	3	3
84	93	3	3
84	94	3	0
84	95	3	0
85	0	3	0
85	1	3	0
85	2	3	0
85	3	3	0
85	4	3	0
85	5	3	0
85	6	3	0
85	7	3	0
85	8	3	0
85	9	3	0
85	10	3	0
85	11	3	0
85	12	3	0
85	13	3	0
85	14	3	0
85	15	3	0
85	16	3	0
85	17	3	0
85	18	3	0
85	19	3	0
85	20	3	0
85	21	3	0
85	22	3	0
85	23	3	0
85	24	3	0
85	25	3	0
85	26	3	0
85	27	3	0
85	28	3	0
85	29	3	0
85	30	3	0
85	31	3	0
85	32	3	0
85	33	3	0
85	34	3	0
85	35	3	0
85	36	3	0
85	37	3	0
85	38	3	0
85	39	3	0
85	40	3	0
85	41	3	0
85	42	3	0
85	43	3	0
85	44	3	0
85	45	3	0
85	46	3	0
85	47	3	0
85	48	3	0
85	49	3	0
85	50	3	0
85	51	3	0
85	52	3	3
85	53	3	0
85	54	3	0
85	55	3	0
85	56	3	0
85	57	3	0
85	58	3	0
85	59	3	0
85	60	3	0
85	61	3	3
85	62	3	0
85	63	3	3
85	64	3	3
85	65	3	0
85	66	3	0
85	67	3	0
85	68	3	0
85	69	3	0
85	70	3	0
85	71	3	0
85	72	3	0
85	73	3	0
85	74	3	3
85	75	3	0
85	76	3	0
85	77	3	0
85	78	3	0
85	79	3	0
85	80	3	3
85	81	3	3
85	82	3	3
85	83	3	0
85	84	3	3
85	85	3	3
85	86	3	3
85	87	3	3
85	88	3	0
85	89	3	0
85	90	3	0
85	91	3	0
85	92	3	0
85	93	3	0
85	94	3	0
85	95	3	0
86	0	3	0
86	1	3	0
86	2	3	0
86	3	3	0
86	4	3	3
86	5	3	0
86	6	3	0
86	7	3	0
86	8	3	0
86	9	3	0
86	10	3	0
86	11	3	0
86	12	3	0
86	13	3	3
86	14	3	3
86	15	3	3
86	16	3	3
86	17	3	0
86	18	3	0
86	19	3	0
86	20	3	0
86	21	3	0
86	22	3	0
86	23	3	0
86	24	3	0
86	25	3	0
86	26	3	0
86	27	3	0
86	28	3	0
86	29	3	0
86	30	3	0
86	31	3	0
86	32	3	0
86	33	3	0
86	34	3	0
86	35	3	0
86	36	3	0
86	37	3	0
86	38	3	3
86	39	3	3
86	40	3	3
86	41	3	0
86	42	3	0
86	43	3	0
86	44	3	0
86	45	3	0
86	46	3	0
86	47	3	0
86	48	3	0
86	49	3	0
86	50	3	3
86	51	3	3
86	52	3	3
86	53	3	0
86	54	3	3
86	55	3	3
86	56	3	0
86	57	3	0
86	58	3	0
86	59	3	0
86	60	3	0
86	61	3	3
86	62	3	3
86	63	3	3
86	64	3	3
86	65	3	3
86	66	3	3
86	67	3	0
86	68	3	3
86	69	3	0
86	70	3	3
86	71	3	0
86	72	3	3
86	73	3	3
86	74	3	3
86	75	3	3
86	76	3	3
86	77	3	3
86	78	3	0
86	79	3	0
86	80	3	3
86	81	3	3
86	82	3	3
86	83	3	3
86	84	3	3
86	85	3	3
86	86	3	3
86	87	3	3
86	88	3	3
86	89	3	0
86	90	3	3
86	91	3	3
86	92	3	3
86	93	3	3
86	94	3	0
86	95	3	0
87	0	3	0
87	1	3	0
87	2	3	0
87	3	3	0
87	4	3	3
87	5	3	0
87	6	3	0
87	7	3	0
87	8	3	0
87	9	3	0
87	10	3	0
87	11	3	0
87	12	3	0
87	13	3	3
87	14	3	3
87	15	3	3
87	16	3	3
87	17	3	0
87	18	3	0
87	19	3	0
87	20	3	0
87	21	3	0
87	22	3	0
87	23	3	0
87	24	3	0
87	25	3	0
87	26	3	0
87	27	3	0
87	28	3	0
87	29	3	0
87	30	3	0
87	31	3	0
87	32	3	0
87	33	3	0
87	34	3	0
87	35	3	0
87	36	3	0
87	37	3	0
87	38	3	0
87	39	3	3
87	40	3	0
87	41	3	0
87	42	3	0
87	43	3	0
87	44	3	0
87	45	3	0
87	46	3	0
87	47	3	0
87	48	3	0
87	49	3	0
87	50	3	0
87	51	3	3
87	52	3	3
87	53	3	0
87	54	3	3
87	55	3	3
87	56	3	0
87	57	3	0
87	58	3	0
87	59	3	0
87	60	3	0
87	61	3	3
87	62	3	3
87	63	3	3
87	64	3	3
87	65	3	3
87	66	3	3
87	67	3	0
87	68	3	3
87	69	3	0
87	70	3	3
87	71	3	0
87	72	3	0
87	73	3	3
87	74	3	3
87	75	3	3
87	76	3	3
87	77	3	3
87	78	3	0
87	79	3	0
87	80	3	3
87	81	3	3
87	82	3	3
87	83	3	3
87	84	3	3
87	85	3	3
87	86	3	3
87	87	3	3
87	88	3	3
87	89	3	0
87	90	3	3
87	91	3	3
87	92	3	3
87	93	3	3
87	94	3	0
87	95	3	0
88	0	3	0
88	1	3	0
88	2	3	0
88	3	3	0
88	4	3	0
88	5	3	0
88	6	3	0
88	7	3	0
88	8	3	0
88	9	3	0
88	10	3	0
88	11	3	0
88	12	3	0
88	13	3	0
88	14	3	0
88	15	3	0
88	16	3	0
88	17	3	0
88	18	3	0
88	19	3	0
88	20	3	0
88	21	3	0
88	22	3	0
88	23	3	0
88	24	3	0
88	25	3	0
88	26	3	0
88	27	3	0
88	28	3	0
88	29	3	0
88	30	3	0
88	31	3	0
88	32	3	0
88	33	3	0
88	34	3	0
88	35	3	0
88	36	3	0
88	37	3	0
88	38	3	3
88	39	3	0
88	40	3	3
88	41	3	0
88	42	3	0
88	43	3	0
88	44	3	0
88	45	3	0
88	46	3	0
88	47	3	0
88	48	3	0
88	49	3	0
88	50	3	3
88	51	3	0
88	52	3	3
88	53	3	0
88	54	3	0
88	55	3	3
88	56	3	0
88	57	3	0
88	58	3	0
88	59	3	0
88	60	3	0
88	61	3	3
88	62	3	3
88	63	3	3
88	64	3	3
88	65	3	3
88	66	3	3
88	67	3	0
88	68	3	0
88	69	3	0
88	70	3	3
88	71	3	0
88	72	3	3
88	73	3	3
88	74	3	3
88	75	3	0
88	76	3	0
88	77	3	3
88	78	3	0
88	79	3	0
88	80	3	3
88	81	3	3
88	82	3	3
88	83	3	3
88	84	3	3
88	85	3	3
88	86	3	3
88	87	3	3
88	88	3	3
88	89	3	0
88	90	3	3
88	91	3	3
88	92	3	3
88	93	3	0
88	94	3	0
88	95	3	0
89	0	3	0
89	1	3	0
89	2	3	0
89	3	3	0
89	4	3	0
89	5	3	0
89	6	3	0
89	7	3	0
89	8	3	0
89	9	3	0
89	10	3	0
89	11	3	0
89	12	3	0
89	13	3	0
89	14	3	0
89	15	3	0
89	16	3	0
89	17	3	0
89	18	3	0
89	19	3	0
89	20	3	0
89	21	3	0
89	22	3	0
89	23	3	0
89	24	3	0
89	25	3	0
89	26	3	0
89	27	3	0
89	28	3	0
89	29	3	0
89	30	3	0
89	31	3	0
89	32	3	0
89	33	3	0
89	34	3	0
89	35	3	0
89	36	3	0
89	37	3	0
89	38	3	0
89	39	3	0
89	40	3	0
89	41	3	0
89	42	3	0
89	43	3	0
89	44	3	0
89	45	3	0
89	46	3	0
89	47	3	0
89	48	3	0
89	49	3	0
89	50	3	0
89	51	3	3
89	52	3	3
89	53	3	0
89	54	3	3
89	55	3	3
89	56	3	3
89	57	3	0
89	58	3	3
89	59	3	3
89	60	3	3
89	61	3	3
89	62	3	3
89	63	3	3
89	64	3	3
89	65	3	3
89	66	3	3
89	67	3	3
89	68	3	3
89	69	3	3
89	70	3	3
89	71	3	3
89	72	3	3
89	73	3	3
89	74	3	0
89	75	3	3
89	76	3	3
89	77	3	3
89	78	3	0
89	79	3	3
89	80	3	3
89	81	3	0
89	82	3	0
89	83	3	3
89	84	3	0
89	85	3	0
89	86	3	0
89	87	3	0
89	88	3	0
89	89	3	0
89	90	3	0
89	91	3	0
89	92	3	0
89	93	3	0
89	94	3	0
89	95	3	0
90	0	3	0
90	1	3	0
90	2	3	0
90	3	3	0
90	4	3	0
90	5	3	0
90	6	3	0
90	7	3	0
90	8	3	0
90	9	3	0
90	10	3	0
90	11	3	0
90	12	3	0
90	13	3	0
90	14	3	0
90	15	3	0
90	16	3	0
90	17	3	0
90	18	3	0
90	19	3	0
90	20	3	0
90	21	3	0
90	22	3	0
90	23	3	0
90	24	3	0
90	25	3	0
90	26	3	0
90	27	3	0
90	28	3	0
90	29	3	0
90	30	3	0
90	31	3	0
90	32	3	0
90	33	3	0
90	34	3	0
90	35	3	0
90	36	3	0
90	37	3	0
90	38	3	0
90	39	3	0
90	40	3	0
90	41	3	0
90	42	3	0
90	43	3	0
90	44	3	0
90	45	3	0
90	46	3	0
90	47	3	0
90	48	3	3
90	49	3	3
90	50	3	3
90	51	3	3
90	52	3	3
90	53	3	0
90	54	3	3
90	55	3	3
90	56	3	0
90	57	3	0
90	58	3	3
90	59	3	3
90	60	3	3
90	61	3	3
90	62	3	3
90	63	3	3
90	64	3	3
90	65	3	3
90	66	3	3
90	67	3	0
90	68	3	3
90	69	3	3
90	70	3	3
90	71	3	3
90	72	3	3
90	73	3	3
90	74	3	3
90	75	3	3
90	76	3	3
90	77	3	3
90	78	3	3
90	79	3	3
90	80	3	3
90	81	3	3
90	82	3	3
90	83	3	3
90	84	3	3
90	85	3	3
90	86	3	3
90	87	3	3
90	88	3	3
90	89	3	0
90	90	3	0
90	91	3	3
90	92	3	0
90	93	3	0
90	94	3	0
90	95	3	0
91	0	3	0
91	1	3	0
91	2	3	0
91	3	3	0
91	4	3	0
91	5	3	0
91	6	3	0
91	7	3	0
91	8	3	0
91	9	3	0
91	10	3	0
91	11	3	0
91	12	3	0
91	13	3	0
91	14	3	0
91	15	3	0
91	16	3	0
91	17	3	0
91	18	3	0
91	19	3	0
91	20	3	0
91	21	3	0
91	22	3	0
91	23	3	0
91	24	3	0
91	25	3	0
91	26	3	0
91	27	3	0
91	28	3	0
91	29	3	0
91	30	3	0
91	31	3	0
91	32	3	0
91	33	3	0
91	34	3	0
91	35	3	0
91	36	3	0
91	37	3	0
91	38	3	0
91	39	3	0
91	40	3	0
91	41	3	0
91	42	3	0
91	43	3	0
91	44	3	0
91	45	3	0
91	46	3	0
91	47	3	0
91	48	3	0
91	49	3	3
91	50	3	0
91	51	3	3
91	52	3	3
91	53	3	0
91	54	3	3
91	55	3	3
91	56	3	3
91	57	3	0
91	58	3	3
91	59	3	3
91	60	3	3
91	61	3	3
91	62	3	3
91	63	3	3
91	64	3	3
91	65	3	3
91	66	3	3
91	67	3	3
91	68	3	3
91	69	3	3
91	70	3	3
91	71	3	3
91	72	3	3
91	73	3	3
91	74	3	0
91	75	3	3
91	76	3	3
91	77	3	3
91	78	3	3
91	79	3	3
91	80	3	3
91	81	3	0
91	82	3	0
91	83	3	3
91	84	3	0
91	85	3	3
91	86	3	3
91	87	3	3
91	88	3	3
91	89	3	0
91	90	3	0
91	91	3	3
91	92	3	3
91	93	3	3
91	94	3	0
91	95	3	0
92	0	3	0
92	1	3	0
92	2	3	0
92	3	3	0
92	4	3	0
92	5	3	0
92	6	3	0
92	7	3	0
92	8	3	0
92	9	3	0
92	10	3	0
92	11	3	0
92	12	3	0
92	13	3	0
92	14	3	0
92	15	3	0
92	16	3	0
92	17	3	0
92	18	3	0
92	19	3	0
92	20	3	0
92	21	3	0
92	22	3	0
92	23	3	0
92	24	3	0
92	25	3	0
92	26	3	0
92	27	3	0
92	28	3	0
92	29	3	0
92	30	3	0
92	31	3	0
92	32	3	0
92	33	3	0
92	34	3	0
92	35	3	0
92	36	3	0
92	37	3	0
92	38	3	0
92	39	3	0
92	40	3	0
92	41	3	0
92	42	3	0
92	43	3	0
92	44	3	0
92	45	3	0
92	46	3	0
92	47	3	0
92	48	3	0
92	49	3	0
92	50	3	0
92	51	3	0
92	52	3	3
92	53	3	0
92	54	3	0
92	55	3	0
92	56	3	0
92	57	3	0
92	58	3	0
92	59	3	0
92	60	3	0
92	61	3	0
92	62	3	0
92	63	3	0
92	64	3	0
92	65	3	0
92	66	3	0
92	67	3	0
92	68	3	0
92	69	3	0
92	70	3	0
92	71	3	0
92	72	3	0
92	73	3	0
92	74	3	3
92	75	3	0
92	76	3	0
92	77	3	0
92	78	3	0
92	79	3	0
92	80	3	0
92	81	3	0
92	82	3	0
92	83	3	0
92	84	3	0
92	85	3	0
92	86	3	0
92	87	3	0
92	88	3	0
92	89	3	0
92	90	3	0
92	91	3	0
92	92	3	0
92	93	3	0
92	94	3	3
92	95	3	0
93	0	3	0
93	1	3	0
93	2	3	0
93	3	3	0
93	4	3	0
93	5	3	0
93	6	3	0
93	7	3	0
93	8	3	0
93	9	3	0
93	10	3	0
93	11	3	0
93	12	3	0
93	13	3	0
93	14	3	0
93	15	3	0
93	16	3	0
93	17	3	0
93	18	3	0
93	19	3	0
93	20	3	0
93	21	3	0
93	22	3	0
93	23	3	0
93	24	3	0
93	25	3	0
93	26	3	0
93	27	3	0
93	28	3	0
93	29	3	0
93	30	3	0
93	31	3	0
93	32	3	0
93	33	3	0
93	34	3	0
93	35	3	0
93	36	3	0
93	37	3	0
93	38	3	0
93	39	3	0
93	40	3	0
93	41	3	0
93	42	3	0
93	43	3	0
93	44	3	0
93	45	3	0
93	46	3	0
93	47	3	0
93	48	3	0
93	49	3	0
93	50	3	0
93	51	3	0
93	52	3	0
93	53	3	0
93	54	3	0
93	55	3	0
93	56	3	0
93	57	3	0
93	58	3	0
93	59	3	0
93	60	3	0
93	61	3	0
93	62	3	0
93	63	3	0
93	64	3	0
93	65	3	0
93	66	3	0
93	67	3	0
93	68	3	0
93	69	3	0
93	70	3	0
93	71	3	0
93	72	3	0
93	73	3	0
93	74	3	0
93	75	3	0
93	76	3	0
93	77	3	0
93	78	3	0
93	79	3	0
93	80	3	0
93	81	3	0
93	82	3	0
93	83	3	0
93	84	3	0
93	85	3	0
93	86	3	0
93	87	3	0
93	88	3	0
93	89	3	0
93	90	3	0
93	91	3	0
93	92	3	0
93	93	3	0
93	94	3	3
93	95	3	0
94	0	3	0
94	1	3	0
94	2	3	0
94	3	3	0
94	4	3	0
94	5	3	0
94	6	3	0
94	7	3	0
94	8	3	0
94	9	3	0
94	10	3	0
94	11	3	0
94	12	3	0
94	13	3	0
94	14	3	0
94	15	3	0
94	16	3	0
94	17	3	0
94	18	3	0
94	19	3	0
94	20	3	0
94	21	3	0
94	22	3	0
94	23	3	0
94	24	3	0
94	25	3	0
94	26	3	0
94	27	3	0
94	28	3	0
94	29	3	0
94	30	3	0
94	31	3	0
94	32	3	0
94	33	3	0
94	34	3	0
94	35	3	0
94	36	3	0
94	37	3	0
94	38	3	0
94	39	3	0
94	40	3	0
94	41	3	0
94	42	3	0
94	43	3	0
94	44	3	0
94	45	3	0
94	46	3	0
94	47	3	0
94	48	3	0
94	49	3	0
94	50	3	0
94	51	3	0
94	52	3	0
94	53	3	0
94	54	3	0
94	55	3	0
94	56	3	0
94	57	3	0
94	58	3	0
94	59	3	0
94	60	3	0
94	61	3	0
94	62	3	0
94	63	3	0
94	64	3	0
94	65	3	0
94	66	3	0
94	67	3	0
94	68	3	0
94	69	3	0
94	70	3	0
94	71	3	0
94	72	3	0
94	73	3	0
94	74	3	0
94	75	3	0
94	76	3	0
94	77	3	0
94	78	3	0
94	79	3	0
94	80	3	0
94	81	3	0
94	82	3	0
94	83	3	0
94	84	3	0
94	85	3	0
94	86	3	0
94	87	3	0
94	88	3	0
94	89	3	3
94	90	3	0
94	91	3	0
94	92	3	0
94	93	3	0
94	94	3	0
94	95	3	0
95	0	3	0
95	1	3	0
95	2	3	0
95	3	3	0
95	4	3	0
95	5	3	0
95	6	3	0
95	7	3	0
95	8	3	0
95	9	3	0
95	10	3	0
95	11	3	0
95	12	3	0
95	13	3	0
95	14	3	0
95	15	3	0
95	16	3	0
95	17	3	0
95	18	3	0
95	19	3	0
95	20	3	0
95	21	3	0
95	22	3	0
95	23	3	0
95	24	3	0
95	25	3	0
95	26	3	0
95	27	3	0
95	28	3	0
95	29	3	0
95	30	3	0
95	31	3	0
95	32	3	0
95	33	3	0
95	34	3	0
95	35	3	0
95	36	3	0
95	37	3	0
95	38	3	0
95	39	3	0
95	40	3	0
95	41	3	0
95	42	3	0
95	43	3	0
95	44	3	0
95	45	3	0
95	46	3	0
95	47	3	0
95	48	3	0
95	49	3	0
95	50	3	0
95	51	3	0
95	52	3	0
95	53	3	0
95	54	3	0
95	55	3	0
95	56	3	0
95	57	3	0
95	58	3	0
95	59	3	0
95	60	3	0
95	61	3	0
95	62	3	0
95	63	3	0
95	64	3	0
95	65	3	0
95	66	3	0
95	67	3	0
95	68	3	0
95	69	3	0
95	70	3	0
95	71	3	0
95	72	3	0
95	73	3	0
95	74	3	0
95	75	3	0
95	76	3	0
95	77	3	0
95	78	3	0
95	79	3	0
95	80	3	0
95	81	3	0
95	82	3	0
95	83	3	0
95	84	3	0
95	85	3	0
95	86	3	0
95	87	3	0
95	88	3	0
95	89	3	0
95	90	3	0
95	91	3	0
95	92	3	0
95	93	3	0
95	94	3	3
95	95	3	0
